2690	
	1.0025497674942017	1.003148078918457	1.005868911743164	1.0047001838684082	1.0001496076583862
	1.000148892402649	0.9998517036437988	0.003475919598713517	0.0037338982801884413	0.9998496174812317
	0.0034962587524205446	0.003704008413478732	1.0025291442871094	1.000089406967163	1.0000911951065063
	1.000898003578186	0.9994706511497498	0.9968620538711548	0.9964709281921387	0.9981775283813477
	1.000300407409668	1.0025131702423096	1.0000746250152588	1.0000725984573364	1.0046495199203491
	1.0011934041976929	0.9995121359825134	0.9968680143356323	0.9964835047721863	0.998162567615509
	1.0003437995910645	1.0032765865325928	1.0227372646331787	1.082482099533081	1.169427752494812
	1.2927753925323486	1.4231665134429932	1.4953203201293945	1.4840136766433716	1.40931236743927
	1.3609305620193481	1.3721020221710205	1.4543524980545044	1.5895013809204102	1.721829891204834
	1.768283724784851	1.7059282064437866	1.5519171953201294	1.3981139659881592	1.2698296308517456
	1.176419734954834	1.1156896352767944	1.076548457145691	1.0509309768676758	1.0336151123046875
	1.023210048675537	1.0163382291793823	1.0114588737487793	1.0080846548080444	1.0057579278945923
	1.0041089057922363	1.0029351711273193	1.0021040439605713	1.0015077590942383	1.0010778903961182
	1.0007702112197876	1.000558614730835	1.0004123449325562	1.0003080368041992	1.0002360343933105
	1.0001808404922485	1.0001415014266968	1.000141978263855	1.0001471042633057	1.0245314836502075
	1.0825300216674805	1.1694363355636597	1.2927366495132446	1.4231452941894531	1.4953093528747559
	1.4839422702789307	1.4093209505081177	1.360922932624817	1.3721158504486084	1.4543325901031494
	1.5895307064056396	1.7218551635742188	1.7682197093963623	1.7064002752304077	1.5682541131973267
	1.4039103984832764	1.2718840837478638	1.1808922290802002	1.115392804145813	1.0746697187423706
	1.0503621101379395	1.0342280864715576	1.023602843284607	1.016397476196289	1.0114567279815674
	1.0080853700637817	1.0057581663131714	1.0041098594665527	1.0029349327087402	1.0021047592163086
	1.001508355140686	1.0010782480239868	1.0007742643356323	1.0005533695220947	1.0004162788391113
	1.0003055334091187	1.0002344846725464	1.0001734495162964	1.027768611907959	1.0988171100616455
	1.2080461978912354	1.3271219730377197	1.4428890943527222	1.5078884363174438	1.4887758493423462
	1.4091248512268066	1.3222492933273315	1.2837377786636353	1.3177984952926636	1.41956627368927
	1.5484052896499634	1.6052908897399902	1.5231400728225708	1.3659347295761108	1.211710810661316
	1.0993784666061401	1.033673644065857	0.9974311590194702	0.9853647351264954	0.9819315671920776
	0.9826834201812744	0.9851507544517517	0.9879801869392395	0.9908220171928406	0.9930881261825562
	0.9947847723960876	0.9961454272270203	0.9971729516983032	0.9979210495948792	0.998529314994812
	0.9989404082298279	0.9992316961288452	0.9994404315948486	0.9995901584625244	0.9996941089630127
	0.9997650980949402	0.9998195767402649	1.0001370906829834	1.0001078844070435	1.0000622272491455
	1.0000011920928955	0.9999432563781738	0.9998955726623535	0.9998631477355957	0.008371920324862003
	0.018845651298761368	0.03760214149951935	0.09018909186124802	0.07856564968824387	0.07441480457782745
	0.0821712464094162	0.07743442803621292	0.06542058289051056	0.048948995769023895	0.03212527558207512
	0.017657509073615074	0.007326573133468628	0.003209543414413929	0.006302928552031517	0.017475750297307968
	0.03736246004700661	0.058647800236940384	0.07457641512155533	0.08532509207725525	0.08890852332115173
	0.08219370990991592	0.067007876932621	0.04991106316447258	0.03101499378681183	0.015052673406898975
	0.00650435546413064	0.008286871016025543	0.0229094959795475	0.047321029007434845	0.07208813726902008
	0.09700712561607361	0.11464513093233109	0.11839506775140762	0.10752727091312408	0.08814267069101334
	0.06748881191015244	0.05683143064379692	0.01936976984143257	0.007141423877328634	0.004215124994516373
	0.010413570329546928	0.023986058309674263	0.04467155411839485	0.06973325461149216	0.09354586899280548
	0.14326925575733185	0.11688113212585449	0.1478157341480255	0.08901092410087585	0.06758321076631546
	0.04441400617361069	0.023427819833159447	0.008903343230485916	1.0314050912857056	1.0987766981124878
	1.2080057859420776	1.3271424770355225	1.442863941192627	1.5078810453414917	1.4887572526931763
	1.4091262817382812	1.322223424911499	1.2837644815444946	1.3178977966308594	1.4196350574493408
	1.5483691692352295	1.6045023202896118	1.520829677581787	1.372862458229065	1.211233139038086
	1.0993043184280396	1.0334193706512451	0.9999616742134094	0.985737144947052	0.981964111328125
	0.9826827645301819	0.9851491451263428	0.987971305847168	0.9908080697059631	0.9930804967880249
	0.9947825074195862	0.9962397813796997	0.9972007870674133	0.9979645013809204	0.9985287189483643
	0.9989396333694458	0.9992309212684631	0.9994397759437561	0.9995896220207214	0.9996940493583679
	0.9997653365135193	0.9998221397399902	0.9998515248298645	0.9998581409454346	0.9998581409454346
	1.000137448310852	1.0001041889190674	1.000056505203247	0.9999997615814209	0.9999433159828186
	0.9998956918716431	0.9998632669448853	0.008506917394697666	0.018883299082517624	0.03776376321911812
	0.09086166322231293	0.07930649816989899	0.07660475373268127	0.08167076855897903	0.07739820331335068
	0.06537333130836487	0.048586778342723846	0.03199469670653343	0.01786980591714382	0.011573296040296555
	0.003110371297225356	0.006246065720915794	0.017037037760019302	0.03752750903367996	0.058621782809495926
	0.07474363595247269	0.08548542112112045	0.08920784294605255	0.08168258517980576	0.0667729452252388
	0.04983165115118027	0.03087541274726391	0.015243330970406532	0.006464781705290079	0.008787470869719982
	0.03209521993994713	0.044916775077581406	0.0699910819530487	0.09642981737852097	0.11476504802703857
	0.1575949788093567	0.10783208161592484	0.08883105963468552	0.06734512746334076	0.041248247027397156
	0.019607363268733025	0.007171730976551771	0.004112814087420702	0.01416205707937479	0.02377009019255638
	0.044562313705682755	0.09212015569210052	0.09312102943658829	0.11272405087947845	0.11752162128686905
	0.10900428146123886	0.09150002896785736	0.06780436635017395	0.044802192598581314	0.02348725125193596
	0.009242502972483635	0.014150961302220821	0.027072666212916374	0.016661711037158966	0.009802605956792831
	0.014582781121134758	0.010171491652727127	1.001125693321228	1.002724051475525	0.9981198310852051
	0.9965812563896179	0.9996774792671204	1.0031516551971436	0.9984388947486877	1.0010513067245483
	1.0046980381011963	1.000151515007019	1.0009092092514038	1.746579647064209	1.0012017488479614
	1.0006705522537231	1.416195273399353	1.3769755363464355	1.5247186422348022	1.626240849494934
	1.3548146486282349	1.6491392850875854	1.7403233051300049	1.4732353687286377	1.2262530326843262
	1.09671950340271	1.4451735019683838	1.5001860857009888	1.0558621883392334	1.1211892366409302
	1.2158803939819336	1.349328637123108	1.4588160514831543	1.148769736289978	1.0279567241668701
	1.0071845054626465	1.0035617351531982	1.0024158954620361	1.0004791021347046	1.000361680984497
	1.0002613067626953	1.0002076625823975	1.336439847946167	1.0638598203659058	1.0422406196594238
	1.0194478034973145	1.0132533311843872	1.0095624923706055	1.0051264762878418	1.0016820430755615
	1.1991616487503052	1.04352605342865	1.242689609527588	1.0009064674377441	1.0548312664031982
	0.9866300821304321	0.9944345355033875	0.9975594878196716	1.3027980327606201	0.9995512366294861
	0.9790835976600647	1.0089470148086548	1.0033150911331177	0.9805248379707336	1.2370120286941528
	1.0000420808792114	1.173332929611206	1.4854905605316162	1.428640365600586	1.22603440284729
	1.4384647607803345	1.2963820695877075	1.0003389120101929	1.453367829322815	0.9991796612739563
	1.0277228355407715	1.0018235445022583	1.382204294204712	0.9999096393585205	1.6881990432739258
	1.412632703781128	0.986475944519043	1.5461900234222412	0.25533321499824524	0.30083173513412476
	0.9997450709342957	1.0001453161239624	1.0128320455551147	1.0385501384735107	1.4358528852462769
	1.2498775720596313	1.1934200525283813	1.061501383781433	0.9998791813850403	0.18309715390205383
	0.8214114308357239	0.8209345936775208	0.626928985118866	0.6686549782752991	0.5406736135482788
	0.6113613247871399	0.4868674576282501	0.570565938949585	0.4646357595920563	0.5667065978050232
	0.6219179034233093	0.6246961355209351	0.6709961891174316	0.6481685042381287	0.6762968897819519
	0.6398082375526428	0.05015810951590538	0.6757999062538147	0.6106060147285461	0.6198431253433228
	0.04004207253456116	0.5607808828353882	0.5611369609832764	0.04310426861047745	0.5488014817237854
	0.5878896117210388	0.5209083557128906	0.8066157102584839	0.6671367287635803	0.6717304587364197
	0.610123336315155	0.20932897925376892	0.11399400979280472	0.5934516787528992	0.5096121430397034
	0.16919030249118805	0.7760205268859863	0.45676687359809875	0.05522603169083595	0.6050183773040771
	0.47628140449523926	0.5295745134353638	0.6925236582756042	0.6468877196311951	1.0918775796890259
	0.49017053842544556	0.6951121687889099	0.7528305053710938	0.6532692909240723	0.13466587662696838
	0.8520588874816895	0.8001890778541565	0.9063581824302673	0.6541265249252319	0.6162327527999878
	0.4158853590488434	1.0439471006393433	1.0376255512237549	0.3113400340080261	1.2338088750839233
	0.5817540287971497	0.404159277677536	0.8783541321754456	0.8645467162132263	1.2753986120224
	0.4334801137447357	0.5188409090042114	0.7120053768157959	0.7425336837768555	0.7022621631622314
	0.797960102558136	0.8164308667182922	0.3432958722114563	1.0530717372894287	1.0688908100128174
	1.0291064977645874	0.8965421319007874	1.037070393562317	0.22008474171161652	1.2268240451812744
	1.2030391693115234	1.0585826635360718	1.1435707807540894	0.9112425446510315	1.0701380968093872
	0.8837007284164429	0.11569774895906448	0.9991051554679871	0.801063060760498	0.9298437237739563
	0.778684675693512	0.9022786617279053	0.7679392099380493	0.654150128364563	0.04793273285031319
	0.7085295915603638	0.6199737191200256	0.713718056678772	0.6389012932777405	0.19254213571548462
	0.9039604067802429	0.7391133308410645	0.48968350887298584	0.024967677891254425	0.6326659917831421
	0.17227022349834442	0.07425282895565033	0.6451194286346436	0.7935847043991089	0.4948643445968628
	0.6962270736694336	0.8109152317047119	1.1483114957809448	0.3168754577636719	0.62787264585495
	0.8396009802818298	0.7612985968589783	0.22654937207698822	0.9360129833221436	0.9588536620140076
	0.947245180606842	1.0284619331359863	1.2797352075576782	1.4500732421875	0.3301122784614563
	0.29025235772132874	0.552933931350708	0.7215006351470947	1.1251713037490845	1.0518310070037842
	0.8276591897010803	1.0209635496139526	1.027693510055542	1.006139874458313	1.1538499593734741
	1.1611579656600952	0.3098128139972687	1.1924163103103638	1.38594651222229	1.4034122228622437
	1.1447283029556274	1.3396795988082886	1.077897310256958	1.2421205043792725	0.9340212941169739
	1.1098374128341675	0.8549184203147888	1.0258526802062988	0.78067547082901	0.9572805166244507
	0.7549420595169067	0.9156542420387268	0.76152503490448	0.049911145120859146	0.5636047124862671
	0.6700828671455383	0.8237156867980957	0.5309533476829529	0.026684531942009926	0.7780724167823792
	0.8720092177391052	0.10945528000593185	0.8511978983879089	0.9029796123504639	0.9027883410453796
	0.9327228665351868	0.9522683024406433	0.9660175442695618	0.80775386095047	0.9563671946525574
	0.9746811389923096	0.20775221288204193	0.9306449294090271	0.9700170755386353	0.9818899035453796
	0.9939914345741272	0.9938297867774963	0.9864185452461243	0.9936874508857727	1.002113699913025
	0.9997513890266418	0.994881272315979	0.999058187007904	0.995672881603241	0.9985231757164001
	1.0070221424102783	1.0019054412841797	1.0008926391601562	0.9986181259155273	1.000091552734375
	0.9984896183013916	0.9996403455734253	1.0009831190109253	1.0003938674926758	0.9994178414344788
	1.0000303983688354	0.9993384480476379	0.9998274445533752	1.0004277229309082	1.0001440048217773
	0.9997333288192749	1.0000070333480835	1.3425915241241455	0.9997008442878723	0.9999192357063293
	1.0001715421676636	1.0000561475753784	0.9998721480369568	0.9999868869781494	0.9994568824768066
	1.0002409219741821	0.636925220489502	0.37439942359924316	0.44021615386009216	0.1750558614730835
	0.9998629689216614	1.0034077167510986	1.000634789466858	0.9999495148658752	1.000062108039856
	0.9999247193336487	1.0014680624008179	0.9640877842903137	0.9532511830329895	1.201694369316101
	0.6067551374435425	0.5984030961990356	0.7572945356369019	0.8599465489387512	0.7059473395347595
	0.9975360035896301	0.8448482155799866	1.0023094415664673	1.1291825771331787	0.25994673371315
	0.28002017736434937	0.9644790291786194	0.8480667471885681	0.9825296998023987	1.000412940979004
	1.000412106513977	0.21086448431015015	0.21342438459396362	0.9917334914207458	0.9933516979217529
	0.9717347025871277	1.0395548343658447	1.0224714279174805	1.0002338886260986	0.18266724050045013
	0.2850669026374817	0.999856173992157	0.9528008103370667	0.3860892951488495	1.0010926723480225
	1.0677673816680908	0.9968881011009216	0.9972810745239258	1.207648515701294	0.9425143003463745
	1.1668612957000732	1.184419870376587	0.20103271305561066	0.3325440287590027	0.23573169112205505
	0.9994027614593506	0.4249381721019745	0.8239507079124451	0.880045473575592	1.3301011323928833
	1.0053147077560425	0.9986630082130432	0.9988240003585815	0.6936845183372498	0.9234445691108704
	1.1550894975662231	0.23638379573822021	0.8881283402442932	0.7119710445404053	0.6018497347831726
	1.2235785722732544	0.9997593760490417	0.564217746257782	0.7099650502204895	0.48579755425453186
	0.8615342378616333	1.0451594591140747	0.5402688384056091	1.013046145439148	0.9088074564933777
	0.42292219400405884	1.0010147094726562	0.867485761642456	0.6618959903717041	0.633544385433197
	0.5721771717071533	0.7373494505882263	1.1712061166763306	0.0298707727342844	0.0830763727426529
	0.099461130797863	1.3729212284088135	1.0701872110366821	0.1665845513343811	0.42056840658187866
	0.5388180017471313	0.28750255703926086	0.19726577401161194	0.9741752743721008	1.013612985610962
	1.3655155897140503	0.028540147468447685	0.09182798117399216	0.13393333554267883	0.08080355077981949
	0.19196589291095734	0.2816346287727356	0.34381622076034546	0.25981688499450684	0.23368708789348602
	0.39579495787620544	1.1400649547576904	1.7245296239852905	1.118276834487915	0.43682223558425903
	0.6700671911239624	0.3621513843536377	0.16404807567596436	0.31391435861587524	0.18987064063549042
	0.07918424159288406	0.14038383960723877	0.24126295745372772	0.28788429498672485	0.026777692139148712
	0.11516326665878296	0.16196036338806152	0.21154551208019257	0.072435162961483	0.2102871686220169
	0.02778850682079792	0.279522567987442	1.4657185077667236	0.20048944652080536	0.36654502153396606
	0.4501709043979645	0.575758159160614	0.9242570400238037	0.16289308667182922	0.10190173238515854
	0.28643426299095154	0.4002002775669098	0.49717605113983154	0.7711527943611145	0.255784809589386
	0.31721231341362	0.7328438758850098	0.32302311062812805	1.364154577255249	1.135300874710083
	0.030684465542435646	0.07938861846923828	0.18048898875713348	0.2868446707725525	0.038579460233449936
	0.13979113101959229	0.9994397759437561	0.182224303483963	0.20689839124679565	0.2929530441761017
	0.3839707672595978	0.46388015151023865	1.6095541715621948	1.302391767501831	1.3466960191726685
	1.1819990873336792	1.1359184980392456	0.9889926910400391	1.0481373071670532	1.3385566473007202
	0.21537171304225922	0.9250672459602356	1.3413115739822388	1.1394760608673096	0.2740253210067749
	0.35850992798805237	0.22623859345912933	0.10903482139110565	0.18619367480278015	0.44208526611328125
	0.43430131673812866	1.0857046842575073	1.2115018367767334	1.0202926397323608	0.8639493584632874
	1.1114411354064941	0.9711156487464905	0.9652031064033508	1.0027790069580078	0.9599303603172302
	0.9835392236709595	0.4389747977256775	0.29379919171333313	0.7370878458023071	0.4830211102962494
	0.13436537981033325	1.2603880167007446	0.8771133422851562	0.29195696115493774	0.49210113286972046
	1.000006914138794	1.0001070499420166	1.4042919874191284	1.3758670091629028	0.5959168672561646
	1.1427923440933228	1.0999276638031006	1.052091121673584	1.0232340097427368	0.9528086185455322
	0.9240875840187073	0.9768546223640442	0.9317011833190918	0.9419717788696289	0.9899189472198486
	1.0177254676818848	0.9472793340682983	1.0700186491012573	1.0788218975067139	0.935337245464325
	0.8550786375999451	1.1701011657714844	1.4049108028411865	0.0862778052687645	0.659802258014679
	0.7125450968742371	1.2528198957443237	1.302022099494934	1.0306298732757568	0.8555310368537903
	1.000106692314148	1.000184178352356	1.0002062320709229	0.06472098082304001	0.14111153781414032
	1.023990511894226	0.6373701691627502	0.990041196346283	0.9917430877685547	0.9870940446853638
	0.9836080074310303	0.9833733439445496	0.46694716811180115	0.6876112818717957	0.9999697804450989
	0.7306097745895386	0.48788124322891235	0.6045822501182556	0.4157291352748871	0.6562002897262573
	0.4155987799167633	1.0059535503387451	1.3089607954025269	0.40376076102256775	1.2704089879989624
	0.9799996018409729	0.8855405449867249	0.3089521825313568	0.4839174151420593	0.5602046251296997
	0.056577105075120926	1.6193451881408691	0.6949678063392639	0.9997401833534241	0.9998615980148315
	0.41992685198783875	1.0006064176559448	0.999379575252533	1.00252103805542	1.002459168434143
	0.9983832240104675	0.9988508820533752	1.039170265197754	1.036159634590149	1.0045711994171143
	0.996658205986023	0.9956243634223938	1.012757420539856	1.0012860298156738	0.11437276750802994
	1.0008697509765625	0.9993480443954468	0.9984431266784668	0.9997101426124573	1.0019136667251587
	1.0003480911254883	1.0001286268234253	1.0034470558166504	1.0004323720932007	1.0002521276474
	0.9961081147193909	1.00361168384552	1.000643014907837	0.9996789693832397	0.9942691922187805
	1.0080581903457642	1.0082671642303467	0.9893015623092651	0.22205129265785217	1.001793384552002
	0.9998462796211243	0.3630692958831787	0.11838612705469131	0.9422398209571838	1.0063347816467285
	0.4191833436489105	0.9781330823898315	0.997703492641449	0.4441870152950287	0.08231410384178162
	1.2948366403579712	0.8843470811843872	0.7588109374046326	1.004758596420288	0.9936689138412476
	0.7147585153579712	1.130849838256836	0.4529775083065033	1.022538185119629	0.7215864658355713
	1.2540286779403687	1.5338757038116455	0.8397485613822937	0.6752790808677673	1.062116026878357
	1.01507568359375	0.9990105032920837	0.12760677933692932	1.0001951456069946	0.99980229139328
	0.24170830845832825	1.1082929372787476	1.1346031427383423	0.26524457335472107	1.1552447080612183
	0.9995668530464172	0.944329023361206	1.5400779247283936	0.3989126980304718	0.3627709746360779
	0.7594614028930664	0.4698375463485718	0.9969469308853149	0.583886981010437	0.7966586351394653
	0.657343327999115	0.42876002192497253	1.3134081363677979	0.9207874536514282	0.27710485458374023
	1.0006303787231445	0.2734164893627167	0.9725785255432129	0.9746914505958557	0.10209561884403229
	1.0200239419937134	1.141588807106018	0.5054347515106201	0.28669655323028564	0.5887445211410522
	1.1823066473007202	1.309170126914978	0.21086709201335907	0.6525476574897766	0.9999231696128845
	0.9957265853881836	0.6145950555801392	0.7583479285240173	0.44513821601867676	1.0537008047103882
	0.7608295679092407	0.9892817139625549	0.9809744358062744	0.8979508280754089	1.2109733819961548
	1.0010946989059448	1.1178979873657227	0.8826972246170044	0.3022412061691284	0.3635118007659912
	0.9292989373207092	0.8935122489929199	0.8720710277557373	1.245761752128601	0.39122429490089417
	1.5490214824676514	0.2983023226261139	1.0984504222869873	1.2809194326400757	0.33071523904800415
	0.44571757316589355	1.0036602020263672	0.7412570714950562	0.13849329948425293	0.18677867949008942
	0.33078116178512573	1.3772854804992676	1.597061038017273	1.1978191137313843	0.5844250321388245
	1.0080461502075195	0.8777744174003601	0.16214212775230408	1.1240166425704956	1.4333778619766235
	0.7455692291259766	0.4554229974746704	0.7980649471282959	0.7873203754425049	1.0262013673782349
	0.5291318893432617	1.3119282722473145	1.0736608505249023	1.1962990760803223	0.6563146710395813
	0.7006751894950867	0.9997687339782715	0.9022132158279419	1.3953124284744263	0.9991713166236877
	0.6555250287055969	1.3401353359222412	0.8053422570228577	1.3028839826583862	0.7213369011878967
	1.0080888271331787	1.2427748441696167	0.8406208157539368	0.7485249042510986	0.15417085587978363
	0.25214698910713196	1.2042732238769531	1.0860047340393066	0.5577915906906128	0.318989098072052
	0.6959173083305359	0.6708565354347229	0.39863261580467224	0.9982308745384216	1.0203299522399902
	0.9167091250419617	0.21978700160980225	0.23218880593776703	0.5580034255981445	1.1705604791641235
	1.596672773361206	1.4298573732376099	0.32197386026382446	0.5542179346084595	1.0003193616867065
	0.5329641103744507	1.5158188343048096	1.0217987298965454	0.6952024698257446	0.9916603565216064
	1.0014872550964355	0.8343607187271118	0.5550605654716492	0.8650991916656494	1.0001612901687622
	0.9998387694358826	0.9996529817581177	0.5202556848526001	1.3939979076385498	1.3656065464019775
	0.9928643703460693	1.0094259977340698	1.0110654830932617	1.0008814334869385	1.0596140623092651
	1.0812751054763794	0.4779679477214813	0.6016831994056702	0.35508379340171814	1.0001460313796997
	0.40834859013557434	1.0767087936401367	0.449385404586792	1.0002658367156982	0.482206255197525
	0.6257390379905701	1.3248275518417358	0.8689144849777222	1.437200903892517	1.4804250001907349
	0.8769148588180542	0.4848453104496002	1.26663339138031	0.9967218637466431	1.039990782737732
	0.9635138511657715	0.7687335014343262	0.9835545420646667	1.3960628509521484	1.0187495946884155
	0.4156514108181	0.08136908710002899	1.4892938137054443	0.13795609772205353	1.0013867616653442
	1.2036653757095337	1.0920771360397339	0.44382235407829285	0.9775149822235107	0.18152032792568207
	1.4506701231002808	1.0091874599456787	1.4792221784591675	0.9776298403739929	0.14568579196929932
	0.9978169202804565	0.123613640666008	0.17424456775188446	1.3282008171081543	0.6112696528434753
	1.0050127506256104	1.0052673816680908	0.21987789869308472	1.254657506942749	1.3589617013931274
	0.9836256504058838	0.26257577538490295	1.008085012435913	0.9998471736907959	0.9990984201431274
	1.5875318050384521	0.9987571835517883	0.9993792176246643	1.283290147781372	1.3684486150741577
	1.3576141595840454	1.457739233970642	1.2986783981323242	1.4944056272506714	1.5809558629989624
	1.2713431119918823	1.0502054691314697	0.9900897741317749	1.4545855522155762	1.5094908475875854
	1.0654674768447876	1.13947594165802	1.2458419799804688	1.383176565170288	1.4907464981079102
	1.008036494255066	0.9829429984092712	0.9820637702941895	0.9865580201148987	0.994007408618927
	0.9956598877906799	0.9968851208686829	0.9976025819778442	0.9983044862747192	0.9995223879814148
	0.9996467232704163	1.1293597221374512	0.9837853908538818	0.9896987676620483	0.9919141530990601
	0.9997332096099854	0.9997883439064026	1.1786706447601318	1.0463298559188843	1.2273277044296265
	1.0008471012115479	0.9807196259498596	0.9867304563522339	0.994208812713623	0.9977346658706665
	1.270006775856018	0.9995226860046387	0.9807332158088684	1.0238217115402222	1.0091742277145386
	1.0031949281692505	1.2649654150009155	1.0000208616256714	1.165549635887146	1.4123332500457764
	1.4526201486587524	1.2150377035140991	1.4178786277770996	1.282306432723999	1.0003314018249512
	1.4397388696670532	1.0812333822250366	0.9991145133972168	1.0017015933990479	1.4029134511947632
	0.9999065399169922	1.6928383111953735	1.4053910970687866	0.9876009225845337	1.5063278675079346
	0.2706787884235382	0.27815312147140503	0.9997355341911316	1.0092153549194336	1.0001300573349
	1.0343209505081177	1.459931492805481	1.2609045505523682	1.2054907083511353	1.031346321105957
	0.9998883008956909	0.18632258474826813	0.8295242786407471	0.8209120631217957	0.6486598253250122
	0.6790175437927246	0.5413848757743835	0.600326657295227	0.4871038496494293	0.5598269104957581
	0.4750584661960602	0.5666728019714355	0.6221020221710205	0.6231258511543274	0.6710036396980286
	0.6481622457504272	0.6762995719909668	0.6398047208786011	0.052278339862823486	0.6757999062538147
	0.6106165647506714	0.619848906993866	0.03810648247599602	0.5607982277870178	0.5609548091888428
	0.040950994938611984	0.5386616587638855	0.5878965258598328	0.5183155536651611	0.8066228032112122
	0.6671419143676758	0.6717130541801453	0.5964805483818054	0.24330052733421326	0.11483634263277054
	0.5934451222419739	0.5096061825752258	0.15665167570114136	0.7760364413261414	0.4480244517326355
	0.055520813912153244	0.6073940396308899	0.48341915011405945	0.530020534992218	0.693145215511322
	0.6471505165100098	1.0920077562332153	0.48905569314956665	0.6875041723251343	0.7528479099273682
	0.6595356464385986	0.13537412881851196	0.8520748019218445	0.809741199016571	0.9064421057701111
	0.654118001461029	0.616223156452179	0.42811912298202515	1.043939232826233	1.037673830986023
	0.30303874611854553	1.2338676452636719	0.5925284028053284	0.3695598542690277	0.857559859752655
	0.8923583030700684	1.2754020690917969	0.43346136808395386	0.5341245532035828	0.7119891047477722
	0.7483212947845459	0.6966872215270996	0.7979146838188171	0.8163400292396545	0.3410317599773407
	1.070784568786621	1.0749017000198364	1.029094934463501	0.8809664249420166	1.053802728652954
	0.21184484660625458	1.226800560951233	1.2030848264694214	1.0385671854019165	1.143589735031128
	0.9194739460945129	1.0564765930175781	0.8797190189361572	0.1057872623205185	0.9990823864936829
	0.8010456562042236	0.9298220872879028	0.7685489654541016	0.9022386074066162	0.7679407000541687
	0.6521863341331482	0.04715438932180405	0.7085056304931641	0.619956910610199	0.7136682271957397
	0.6388895511627197	0.20339687168598175	0.8932086229324341	0.738904595375061	0.4991373121738434
	0.02235063910484314	0.6634222269058228	0.17294539511203766	0.071983203291893	0.6438003182411194
	0.8098170757293701	0.463813841342926	0.7004059553146362	0.8243920803070068	1.1483043432235718
	0.33660978078842163	0.6555575728416443	0.8395774960517883	0.7538356781005859	0.2324531078338623
	0.8923187851905823	0.9505952596664429	0.9468459486961365	1.0104401111602783	1.2797256708145142
	1.450021743774414	0.33303818106651306	0.2925052344799042	0.5553199052810669	0.7215157747268677
	1.1441500186920166	1.051777958869934	0.7923933863639832	1.0327732563018799	1.0587334632873535
	0.9801038503646851	1.105858325958252	1.1612404584884644	0.29211661219596863	1.1923750638961792
	1.410853624343872	1.4034143686294556	1.1447412967681885	1.3397581577301025	1.0779093503952026
	1.2422078847885132	0.9340399503707886	1.1080491542816162	0.8549984097480774	1.0234006643295288
	0.7807225584983826	0.9283998012542725	0.7550106048583984	0.9009273648262024	0.766495943069458
	0.058384593576192856	0.5892319083213806	0.6700144410133362	0.7887550592422485	0.5491378903388977
	0.02823265828192234	0.7588028907775879	0.8408460021018982	0.10868126899003983	0.8362081050872803
	0.8980587720870972	0.897730827331543	0.9352357387542725	0.8072285056114197	0.9245992302894592
	0.20555660128593445	0.9361918568611145	0.957145094871521	0.9687777161598206	0.9789621829986572
	0.9937030673027039	0.9939773082733154	0.984629213809967	0.9954383969306946	0.9882903099060059
	0.9959580898284912	1.003006935119629	1.0012727975845337	0.9956976771354675	0.9993725419044495
	0.9955216646194458	0.9986445903778076	1.0070489645004272	1.0018240213394165	1.0003561973571777
	0.997954249382019	0.9996220469474792	0.9979571104049683	0.999264657497406	1.000714659690857
	1.0001521110534668	0.9991228580474854	0.9998288750648499	0.9991071820259094	0.9996657371520996
	1.0002408027648926	1.000040054321289	0.9996042251586914	0.9999042749404907	1.3411184549331665
	1.000225305557251	1.000072717666626	0.9998313784599304	0.9999849200248718	0.9998114705085754
	0.9999491572380066	1.0000940561294556	0.3960617780685425	0.44753071665763855	0.155371755361557
	0.6379629373550415	1.0075135231018066	0.9998196363449097	0.9999223947525024	1.0030919313430786
	0.9807347059249878	1.0003557205200195	0.9996321797370911	1.0012423992156982	0.9927693605422974
	1.0022107362747192	0.9447563290596008	1.2041096687316895	1.0620777606964111	1.0123027563095093
	0.27094441652297974	0.40759971737861633	0.6127177476882935	0.630012035369873	0.8044480681419373
	0.9391606450080872	0.8077932596206665	0.27248984575271606	0.929949939250946	0.9595256447792053
	0.9853163361549377	0.9781658053398132	0.8277283906936646	0.9933359026908875	0.20674079656600952
	0.2231178730726242	0.9919679164886475	0.9929317235946655	0.9550570249557495	1.1234468221664429
	1.0272173881530762	1.2025296688079834	0.1776469200849533	0.2842913269996643	0.3896996080875397
	0.9549141526222229	0.1716017723083496	0.3133012652397156	0.24379509687423706	0.9998272657394409
	0.9962135553359985	0.9969016909599304	0.42563965916633606	0.8213560581207275	0.8756158947944641
	1.0056178569793701	1.3528422117233276	0.6953104138374329	0.9255035519599915	1.1550137996673584
	0.22642724215984344	0.8882302045822144	0.9983704686164856	0.9986022114753723	0.6904157996177673
	1.1660500764846802	0.6047623753547668	1.0005730390548706	0.9796397089958191	0.8649266958236694
	1.0423619747161865	0.49868136644363403	0.9142186641693115	1.0114694833755493	0.46704617142677307
	0.7140393257141113	0.88905268907547	1.103695273399353	0.848334014415741	0.6199789643287659
	0.6291661262512207	0.596849262714386	0.7324186563491821	0.999731719493866	1.2023144960403442
	0.028035882860422134	0.09445267170667648	0.11419177800416946	1.3829662799835205	0.15418729186058044
	0.39787620306015015	0.5535895228385925	0.299103319644928	0.21105380356311798	1.0142439603805542
	1.3488836288452148	0.027097046375274658	0.0933302491903305	0.14169956743717194	0.07844281196594238
	0.188803568482399	0.2894097864627838	0.33867380023002625	0.2595163583755493	0.23912642896175385
	0.39999356865882874	0.6949653029441833	0.47949540615081787	1.7188509702682495	1.118638277053833
	0.4447426199913025	0.6703739166259766	0.3627520501613617	0.18725578486919403	0.305996835231781
	0.1844194531440735	0.07943212240934372	0.15716522932052612	0.2278066873550415	0.28657078742980957
	0.026803642511367798	0.11543017625808716	0.1653464138507843	0.22413469851016998	0.08408962935209274
	0.21670769155025482	0.028284303843975067	0.26284104585647583	1.4648679494857788	0.18905813992023468
	0.39029571413993835	0.44820553064346313	0.5509361028671265	0.9058398008346558	0.15206722915172577
	0.08963024616241455	0.27962541580200195	0.3986871540546417	0.4790140688419342	0.7455251216888428
	0.271725058555603	0.3029346466064453	0.7328532338142395	0.32057076692581177	0.031195327639579773
	0.07541307061910629	1.3431893587112427	1.1681479215621948	0.17215462028980255	0.2870185971260071
	0.04414552450180054	0.12795595824718475	0.17998836934566498	0.20379480719566345	0.33675140142440796
	0.9881948232650757	1.064911127090454	1.3668195009231567	0.3828616440296173	0.46145525574684143
	1.5717227458953857	1.3072792291641235	1.3430429697036743	1.1407065391540527	1.087397813796997
	0.9669222235679626	1.0417431592941284	1.338794469833374	0.2193748652935028	0.909268856048584
	1.323663353919983	1.1465831995010376	0.24690422415733337	0.27932119369506836	0.3697214424610138
	0.25089994072914124	0.11496331542730331	0.4429168701171875	0.4113643765449524	1.2263116836547852
	1.0007292032241821	0.8639760613441467	1.1181919574737549	1.0062175989151	0.426660418510437
	0.29378005862236023	0.7371328473091125	0.47588080167770386	1.2954537868499756	0.29429924488067627
	0.4908454716205597	1.4264624118804932	0.580354630947113	1.1690281629562378	1.1000568866729736
	1.0345666408538818	1.0123122930526733	0.9528132081031799	0.9369668960571289	0.9827063679695129
	0.9374805688858032	0.9474838376045227	0.9952391982078552	1.023201584815979	0.9614591598510742
	1.0652539730072021	1.059740662574768	0.9477798938751221	0.8709647059440613	1.1888227462768555
	1.3637267351150513	0.08719637989997864	0.6552662253379822	0.7125418186187744	1.2328814268112183
	1.3003538846969604	0.9999054670333862	0.9999902844429016	1.014504313468933	0.8824986219406128
	0.05398622900247574	0.12305577099323273	0.9837411046028137	1.263612985610962	1.1185438632965088
	1.064427137374878	1.0474827289581299	0.4824376404285431	0.7343833446502686	0.4849667251110077
	1.005077600479126	0.9878890514373779	0.6226902008056641	1.0059560537338257	0.4302629828453064
	1.147725224494934	0.6562086343765259	0.39507338404655457	0.9899075627326965	0.9912789463996887
	1.3155934810638428	0.4128815531730652	1.053850769996643	1.0335259437561035	0.6911026835441589
	0.32158657908439636	0.5002408027648926	0.5673246383666992	0.06554078310728073	1.6440019607543945
	0.41155534982681274	0.7101441025733948	1.0000824928283691	1.0001471042633057	1.0002022981643677
	1.0002269744873047	1.000150203704834	1.000258445739746	1.0004087686538696	1.0002610683441162
	0.9999634027481079	1.0000755786895752	0.99986332654953	0.6210076808929443	0.9996930956840515
	0.9753018617630005	0.9151269793510437	1.0004692077636719	1.0009292364120483	1.0008844137191772
	0.999596893787384	0.9992784857749939	0.9993667602539062	1.0005892515182495	0.9993337988853455
	1.0022598505020142	1.0021071434020996	1.001563549041748	0.998353123664856	0.998766303062439
	1.0044907331466675	0.9969816207885742	0.9955474734306335	1.0129131078720093	1.0011906623840332
	0.11730881035327911	1.0005877017974854	0.9991676211357117	0.9981778264045715	1.0016281604766846
	1.0043069124221802	0.9959211349487305	1.003612756729126	1.0000444650650024	0.9941596984863281
	1.0094616413116455	0.21826490759849548	0.9996710419654846	0.9725645780563354	0.37307509779930115
	0.10514956712722778	0.9906561970710754	1.003393530845642	1.0062404870986938	0.9718486666679382
	0.9998478293418884	0.9718703627586365	0.43549591302871704	0.08183424919843674	1.3129469156265259
	0.8844354152679443	0.75882488489151	1.004428505897522	0.988185703754425	0.9719159007072449
	0.9814483523368835	0.7138901352882385	1.1072392463684082	0.9974519610404968	0.4653015434741974
	1.0178446769714355	0.7215825319290161	1.2391555309295654	1.5085842609405518	0.8397767543792725
	0.9566497802734375	1.0151786804199219	1.0300761461257935	0.12707927823066711	1.0006247758865356
	0.9998042583465576	1.3025989532470703	0.9988387227058411	0.2339077889919281	1.1136469841003418
	1.128670334815979	0.6792999505996704	0.2658836245536804	1.1483876705169678	0.3815315067768097
	1.5619813203811646	0.3701726198196411	0.7584799528121948	0.4873816668987274	0.9894511699676514
	0.821317732334137	0.6579013466835022	0.4418993294239044	0.594211995601654	1.3562544584274292
	0.29352855682373047	0.821374773979187	0.2702246606349945	0.9632052183151245	0.10398797690868378
	0.833468496799469	1.017529010772705	0.9952688217163086	1.0272108316421509	0.5177717208862305
	0.6016070246696472	0.9995422959327698	1.1313655376434326	1.2430763244628906	0.8868304491043091
	0.19950203597545624	0.7018842101097107	0.6138954758644104	0.7583532333374023	0.4283786118030548
	0.7608256936073303	1.2151697874069214	1.0173574686050415	0.9889731407165527	0.9955558776855469
	0.8842150568962097	0.3604588508605957	0.21675753593444824	0.8935009837150574	0.8831544518470764
	1.2474398612976074	0.1330905705690384	1.5410419702529907	0.2984839081764221	1.0741405487060547
	1.0032795667648315	1.2722430229187012	0.32960838079452515	0.5879182815551758	0.4520851671695709
	0.14115367829799652	0.16425250470638275	0.3307495713233948	0.2609143853187561	1.6169601678848267
	1.2083947658538818	1.0004106760025024	1.008039116859436	0.8778347373008728	1.164009690284729
	0.16207195818424225	1.1487576961517334	0.6081074476242065	1.4646239280700684	0.7727788090705872
	0.46107372641563416	0.8117576837539673	0.7873318195343018	0.566125214099884	1.357703685760498
	1.3156548738479614	1.0735830068588257	1.1934622526168823	1.0001859664916992	0.6403041481971741
	0.7010158896446228	0.8948614001274109	1.0002726316452026	0.37648868560791016	0.6555519700050354
	0.4201173782348633	1.0090651512145996	1.0152387619018555	0.7885198593139648	1.3163297176361084
	0.7621007561683655	0.8411372900009155	0.7633920311927795	0.17187486588954926	0.25690117478370667
	1.204350471496582	1.3568568229675293	0.5562726259231567	0.3204079866409302	1.0996417999267578
	0.7098656892776489	0.6962509155273438	0.9990654587745667	0.38132163882255554	0.8953214287757874
	0.9466533660888672	0.24058370292186737	0.23902104794979095	1.0004793405532837	1.1706130504608154
	0.9997817277908325	1.5963383913040161	1.430521011352539	1.001334547996521	0.9839363694190979
	0.3119511306285858	0.5402382612228394	0.5608233213424683	1.5403263568878174	0.5474603176116943
	0.9979754090309143	1.0258305072784424	1.00082528591156	0.6822773814201355	0.9716991782188416
	0.9927290081977844	0.8221499919891357	0.5577957630157471	0.9998419880867004	0.8791187405586243
	1.0001591444015503	0.5515101552009583	1.4074304103851318	1.3570564985275269	1.0094242095947266
	1.0106534957885742	1.0752991437911987	1.0836151838302612	0.513248860836029	0.5826640129089355
	0.39372968673706055	0.4399346113204956	0.4659261703491211	1.0001583099365234	0.6257420182228088
	0.9774786233901978	1.3431862592697144	0.8825008869171143	1.456575632095337	1.463435411453247
	0.876800537109375	1.0208395719528198	0.47073495388031006	0.9542792439460754	1.2608758211135864
	0.9996344447135925	1.0305098295211792	0.7686892747879028	1.3783406019210815	0.41102883219718933
	0.08034342527389526	0.9964962005615234	1.0243865251541138	0.980921745300293	0.9374642372131348
	1.5087800025939941	0.11837301403284073	1.0012547969818115	1.1579927206039429	1.2102620601654053
	1.064542531967163	0.4260599613189697	0.9895780086517334	0.19869013130664825	0.14716707170009613
	1.0132185220718384	1.4606794118881226	0.14356854557991028	1.2924458980560303	1.0047178268432617
	0.12258198857307434	1.3215811252593994	0.24821211397647858	0.6093544960021973	1.0023348331451416
	0.20560748875141144	1.2589012384414673	1.0001462697982788	0.9998558163642883	1.0000360012054443
	0.9999663233757019	0.9999085068702698	0.9998733401298523	1.0000919103622437	1.0001270771026611
	0.09963229298591614	0.07156656682491302	0.0976857915520668	0.10468734055757523	0.018853364512324333
	0.10792198032140732	0.017594942823052406	0.08233639597892761	0.09657400101423264	0.006291157566010952
	0.08791740238666534	0.016800589859485626	0.12056973576545715	0.05049401894211769	0.08205115050077438
	0.10076203942298889	0.06054364889860153	0.0410430021584034	0.04133402928709984	0.046085424721241
	0.045244671404361725	0.012300468049943447	0.040480904281139374	0.03570273146033287	0.055572133511304855
	0.07106545567512512	0.1111854612827301	0.088751882314682	0.11720293760299683	0.13009905815124512
	0.11908292025327682	0.1463170349597931	0.13291895389556885	0.1551850289106369	0.13111445307731628
	0.11890172958374023	0.11424940079450607	0.0911385640501976	0.06934062391519547	0.09776779264211655
	0.07843958586454391	0.07016659528017044	0.03070496767759323	0.04480458050966263	0.02560575120151043
	0.015115565620362759	0.007525256834924221	0.014121930114924908	0.009213443845510483	0.005207108799368143
	0.012032709084451199	0.010057197883725166	0.022230947390198708	0.03043164126574993	0.045292675495147705
	0.040131643414497375	0.07111804187297821	0.08184054493904114	0.09345582127571106	0.08571609109640121
	0.1301649659872055	0.09495582431554794	0.1550520360469818	0.1060672253370285	0.12052036076784134
	0.11896093189716339	0.14155679941177368	0.15201877057552338	0.11197289079427719	0.1469254493713379
	0.07054069638252258	0.08011344820261002	0.11810748279094696	0.09179675579071045	0.08184043318033218
	0.12015236914157867	0.04904598370194435	0.09741833060979843	0.05397583544254303	0.11513004451990128
	0.0701749175786972	0.08068008720874786	0.10260605812072754	0.045931629836559296	0.12252167612314224
	0.07801800221204758	0.14646591246128082	0.041136156767606735	0.09733430296182632	0.09813743084669113
	0.09884615987539291	0.10867039859294891	0.16441062092781067	0.07722188532352448	0.039339035749435425
	0.1786714643239975	0.12266111373901367	0.10919154435396194	0.12490557134151459	0.16270940005779266
	0.12364255636930466	0.12404780834913254	0.11508645862340927	0.13927632570266724	0.11763698607683182
	0.0878397673368454	0.11620785295963287	0.0295756533741951	0.029495758935809135	0.007032810244709253
	0.004165864549577236	0.015192861668765545	0.02658417820930481	0.0173646230250597	0.026386920362710953
	0.006460320670157671	0.05647943541407585	0.03880201280117035	0.06385284662246704	0.039655718952417374
	0.09530989080667496	0.0926298275589943	0.017776712775230408	0.012244366109371185	0.012477920390665531
	0.00526839355006814	0.015445530414581299	0.023496808484196663	0.008467566221952438	0.10956944525241852
	0.11987432837486267	0.051830146461725235	0.07985251396894455	0.029022475704550743	0.11718416213989258
	0.041534021496772766	0.05173966661095619	0.1158054769039154	0.09807399660348892	0.08601231127977371
	0.13930752873420715	0.12300462275743484	0.10859256982803345	0.1039380133152008	0.1068183034658432
	0.09987065941095352	0.12709881365299225	0.09647476673126221	0.12781915068626404	0.009766514413058758
	0.10155422240495682	0.06863807886838913	0.06302641332149506	0.024295387789607048	0.04022747278213501
	0.057961903512477875	0.062330324202775955	0.11766020953655243	0.03549087047576904	0.09613873064517975
	0.07705467194318771	0.026635346934199333	0.024929553270339966	0.026826808229088783	0.06951497495174408
	0.11584196239709854	0.06436438113451004	0.04169733449816704	0.07202868908643723	0.03736669570207596
	0.1115107536315918	0.11210161447525024	0.04243340343236923	0.08986871689558029	0.038726165890693665
	0.03526116535067558	0.11224653571844101	0.10549091547727585	0.011885149404406548	0.011435114778578281
	0.07188738137483597	0.06220081448554993	0.11945956945419312	0.066722072660923	0.09428868442773819
	0.01114627718925476	0.09686192870140076	0.007672796491533518	0.10418827086687088	0.09672019630670547
	0.04609550163149834	0.012428605929017067	0.14274923503398895	0.04506206512451172	0.06162331625819206
	0.17128989100456238	0.16464011371135712	0.07835403084754944	0.1305522918701172	0.09021545201539993
	0.10008654743432999	0.018811633810400963	0.14723114669322968	0.01903875358402729	0.09355334937572479
	0.15272215008735657	0.1525857299566269	0.1655595451593399	0.057372041046619415	0.05381717160344124
	0.12709064781665802	0.14259357750415802	0.06835140287876129	0.009100604802370071	0.011182227171957493
	0.11958090215921402	0.017943019047379494	0.03130321949720383	0.016931595280766487	0.04955483227968216
	0.04046827182173729	0.0783737525343895	0.08415745198726654	0.11459244042634964	0.11388958245515823
	0.1377362608909607	0.1372617483139038	0.17326366901397705	0.034066952764987946	0.04582368582487106
	0.03792700916528702	0.07067495584487915	0.07551160454750061	0.10340825468301773	0.16331914067268372
	0.17957326769828796	0.16953696310520172	0.18913507461547852	0.16417701542377472	0.14885848760604858
	0.12994958460330963	0.15609346330165863	0.14678992331027985	0.11733987927436829	0.12860974669456482
	0.16007398068904877	0.1417778879404068	0.20046372711658478	0.18469303846359253	0.16287560760974884
	0.1511174589395523	0.13817520439624786	0.15865126252174377	0.13108617067337036	0.11045870184898376
	0.09491342306137085	0.07937487214803696	0.06255974620580673	0.044919200241565704	0.03224552422761917
	0.013710352592170238	0.06759967654943466	0.017427636310458183	0.007479426451027393	0.009702606126666069
	0.005940383765846491	0.015965459868311882	0.03510340303182602	0.03223009780049324	0.045285098254680634
	0.06784772127866745	0.0952339842915535	0.04006364196538925	0.13566674292087555	0.1703411191701889
	0.058716174215078354	0.109337717294693	0.11684663593769073	0.0942869707942009	0.10442492365837097
	0.011685170233249664	0.12838760018348694	0.07874993234872818	0.13194593787193298	0.026098987087607384
	0.16967833042144775	0.009105325676500797	0.021726762875914574	0.027473369613289833	0.14120429754257202
	0.017434436827898026	0.16194313764572144	0.17357511818408966	0.16574755311012268	0.13715799152851105
	0.16346362233161926	0.1458117812871933	0.1040709912776947	0.03245897963643074	0.07127907127141953
	0.028730908408761024	0.012293335050344467	0.009448063559830189	0.009429136291146278	0.03188595175743103
	0.11769568920135498	0.10231999307870865	0.0945497453212738	0.01837248168885708	0.02505520172417164
	0.16790610551834106	0.15909728407859802	0.11339569091796875	0.10396545380353928	0.037837136536836624
	0.03715783730149269	0.06557267159223557	0.14647534489631653	0.048951342701911926	0.05234799534082413
	0.14629504084587097	0.1203608512878418	0.13508528470993042	0.19155514240264893	0.009826690889894962
	0.011399766430258751	0.013031361624598503	0.006421821191906929	0.15160658955574036	0.07583759725093842
	0.1304066777229309	0.09262919425964355	0.06871910393238068	0.9680840969085693	0.2451505959033966
	0.5070858001708984	0.19628632068634033	0.6369562745094299	0.6689674854278564	0.5483401417732239
	0.5499413013458252	0.6504396796226501	0.39259830117225647	0.14198541641235352	0.2316913604736328
	0.24751293659210205	0.520251989364624	0.2665213644504547	0.23863936960697174	0.6634877920150757
	0.8129275441169739	0.18478848040103912	0.5005886554718018	0.5340287685394287	0.7929813861846924
	0.10309862345457077	0.6872287392616272	0.45365244150161743	0.7314367294311523	0.17376327514648438
	0.44113466143608093	0.47858768701553345	0.42262446880340576	0.27936339378356934	0.3349995017051697
	0.23724322021007538	0.46635332703590393	0.5507874488830566	0.3162246644496918	0.11087125539779663
	0.5326452255249023	0.15858137607574463	0.18429693579673767	0.5088642835617065	0.46356943249702454
	0.33445775508880615	0.4691218137741089	0.07684767246246338	0.31572425365448	0.38766396045684814
	0.3481714427471161	0.4894792437553406	0.1411922723054886	0.5122080445289612	0.5548403263092041
	0.37270820140838623	0.27806341648101807	0.12633927166461945	0.4585608243942261	0.08003196120262146
	0.3459102213382721	0.3688165545463562	0.5437692403793335	0.11326372623443604	0.3693559467792511
	0.9124463200569153	0.4000795781612396	0.7187156677246094	0.572476863861084	0.30106446146965027
	0.23943129181861877	0.2566857635974884	0.6179746389389038	0.2632944583892822	0.18789318203926086
	0.06209077686071396	0.81077641248703	0.7061406373977661	0.10852304846048355	0.12382299453020096
	0.4604565501213074	0.4016891419887543	0.14698387682437897	0.3812885284423828	0.2803400158882141
	0.344904363155365	0.36164164543151855	0.7743799686431885	0.4177224934101105	0.49782904982566833
	0.48889297246932983	0.47164082527160645	0.43586698174476624	0.38193362951278687	0.19652396440505981
	0.27298516035079956	0.575826108455658	0.5546467304229736	0.2261502593755722	0.2839152216911316
	0.29704853892326355	0.299267053604126	0.4685070812702179	0.0839296281337738	0.7743561267852783
	0.8194167017936707	0.22103433310985565	0.17139600217342377	0.05716982111334801	0.12322629988193512
	0.1880522519350052	0.9839993715286255	0.31451287865638733	0.6973821520805359	1.0127050876617432
	0.8794958591461182	0.5925996899604797	0.3005940616130829	0.8445061445236206	0.2711625099182129
	0.11626192182302475	0.3697488605976105	0.11060576140880585	0.11858049035072327	0.0787782371044159
	0.5441628694534302	0.06807909160852432	0.32022824883461	0.05900069326162338	0.1790142059326172
	0.33946892619132996	0.6613112688064575	1.0691285133361816	0.5397694110870361	0.2880210876464844
	0.35233575105667114	0.2052484154701233	0.20527924597263336	0.8676542043685913	0.3055569529533386
	0.35824084281921387	1.0782451629638672	0.49536654353141785	0.08079129457473755	0.4413372874259949
	0.4722863733768463	0.3297477066516876	0.21257072687149048	0.5496330261230469	0.3479359745979309
	0.6751851439476013	0.08600100874900818	0.8844609260559082	1.0086064338684082	0.6709274053573608
	0.19479849934577942	0.6055300235748291	0.8429350852966309	0.07980246096849442	0.8258879780769348
	0.2229786068201065	0.14325255155563354	0.1469285935163498	0.5094116926193237	0.1399930864572525
	0.15331465005874634	0.1307438611984253	0.13701842725276947	0.8335222601890564	0.274811327457428
	0.3374268710613251	0.0614478662610054	0.13988974690437317	1.1578900814056396	0.3051008880138397
	0.28799954056739807	0.3006667196750641	0.6716346144676208	0.5695056915283203	0.3296443521976471
	0.06252115219831467	0.07516145706176758	0.5322016477584839	1.104823112487793	1.218385934829712
	1.0445152521133423	0.3592643141746521	0.07092821598052979	0.19796083867549896	0.17185144126415253
	0.18102627992630005	0.6702592968940735	0.7640573382377625	0.8850436806678772	0.24173776805400848
	0.24454079568386078	0.8683675527572632	1.1265848875045776	0.6757503747940063	0.2817596197128296
	0.29063573479652405	0.13158230483531952	0.1544703096151352	0.38256633281707764	1.014166235923767
	0.7220328450202942	0.32057806849479675	0.8119723796844482	0.14562779664993286	0.22494907677173615
	0.16448336839675903	0.6459166407585144	0.6306799054145813	0.22785435616970062	1.125005841255188
	0.5049711465835571	0.20387674868106842	0.2173556536436081	0.5829216837882996	0.4124008119106293
	0.09389577060937881	0.47984009981155396	0.3915902376174927	0.20659956336021423	0.1972748041152954
	0.7460349202156067	0.546823263168335	0.06485670804977417	0.2878774106502533	0.40698981285095215
	0.03617490828037262	0.16121406853199005	0.2017144113779068	0.3935767412185669	0.05234159529209137
	0.35403600335121155	0.23994088172912598	0.22195273637771606	0.8229571580886841	1.1553266048431396
	0.6622228622436523	0.6510941386222839	0.3653191030025482	0.46335747838020325	0.27662935853004456
	0.2927837669849396	1.2297571897506714	0.3791632056236267	0.8165487051010132	0.7373067736625671
	0.8328714966773987	0.3079085946083069	0.9104743003845215	1.2268239259719849	0.9625483751296997
	0.5133519172668457	0.27576273679733276	0.11651702225208282	0.13660001754760742	0.2526399791240692
	0.6491156816482544	0.3742750585079193	0.39304205775260925	0.3655174672603607	0.16081708669662476
	0.5335899591445923	0.3827485144138336	0.2109246402978897	0.38519102334976196	0.32899463176727295
	0.24480511248111725	1.3547641038894653	0.38621842861175537	1.1016645431518555	0.2971751093864441
	0.7543741464614868	0.09537284821271896	1.1007368564605713	0.03920797258615494	0.6591269969940186
	0.21963435411453247	0.7594714164733887	0.13247205317020416	0.2020939737558365	0.30522528290748596
	0.4063699543476105	0.4004797041416168	0.08231552690267563	0.34242454171180725	0.1951839178800583
	0.2404446303844452	0.0865987241268158	0.3427044153213501	0.29191696643829346	0.7411592602729797
	0.14456987380981445	0.07189662009477615	0.28742408752441406	0.26832935214042664	0.808487594127655
	0.7120497822761536	1.0079580545425415	0.1347522884607315	0.6356123089790344	0.2035888135433197
	0.6442934274673462	0.5960429310798645	1.0332486629486084	0.9549573659896851	0.7965461015701294
	0.161916583776474	1.1991772651672363	0.33156877756118774	0.3545553386211395	0.7017067670822144
	0.14410899579524994	0.43587958812713623	1.152185082435608	0.7863947153091431	1.4498424530029297
	0.2062326967716217	0.5083160400390625	0.36582353711128235	0.25464507937431335	0.36151790618896484
	0.5604091286659241	0.04358833283185959	0.1859990507364273	0.3911835253238678	0.06459639221429825
	0.10590438544750214	1.442711353302002	0.16043977439403534	0.5483167767524719	1.203670859336853
	0.25989529490470886	0.05185729265213013	0.023184379562735558	0.36776912212371826	0.6089671850204468
	0.8495295643806458	0.3388257324695587	0.9424447417259216	0.3263007700443268	0.060386285185813904
	0.06480175256729126	0.5100408792495728	0.04976703226566315	0.37172067165374756	0.04852092266082764
	0.14033259451389313	0.06490328907966614	1.1656914949417114	0.29722875356674194	0.033490970730781555
	0.2981230616569519	0.26192519068717957	0.19818001985549927	0.25524067878723145	0.6339991688728333
	0.20256152749061584	0.684156596660614	0.9577596187591553	0.6056530475616455	0.3171939253807068
	0.7436960339546204	0.77959805727005	0.4384930729866028	0.8239424228668213	0.48799940943717957
	0.7093980312347412	0.5661338567733765	0.6514326930046082	0.6167035102844238	0.5380246639251709
	0.2086036503314972	0.2712138295173645	0.7215924263000488	0.043236810714006424	0.30159300565719604
	0.6488592624664307	0.37882018089294434	0.8282977938652039	0.053123947232961655	0.4308929145336151
	0.4872519075870514	0.7453299760818481	0.24944274127483368	0.8400657773017883	0.059669557958841324
