2690	
	-0.00016697682440280914	-0.0009294761694036424	0.030992960557341576	0.005533804185688496	-0.00033918110420927405
	-0.0031350268982350826	-0.00047638389514759183	0.005148634780198336	-0.0034734979271888733	-0.0024811301846057177
	0.00708725256845355	-0.007312950678169727	-0.0011064796708524227	-2.198689617216587e-05	-0.0012212672736495733
	-0.020793147385120392	-0.03324183076620102	-0.026317225769162178	-0.00043966370867565274	0.020169982686638832
	0.0168061014264822	0.012609741650521755	0.000560676446184516	-0.0014490520115941763	-0.00021709682187065482
	-0.019319826737046242	-0.026347622275352478	-0.035705145448446274	0.0023831920698285103	0.029482224956154823
	0.02096090093255043	0.012915306724607944	-0.016134735196828842	-0.024834854528307915	-0.032886892557144165
	-0.037600625306367874	-0.017871547490358353	-0.013867232948541641	0.01729070581495762	0.0069587333127856255
	0.001478454563766718	0.0021927792113274336	-0.02651522308588028	-0.02790696546435356	-0.020363841205835342
	0.0005767560214735568	0.031261466443538666	0.04400165006518364	0.03429720550775528	0.027631321921944618
	0.019520645961165428	0.009995289146900177	0.000849476782605052	0.00025543064111843705	-0.0031875325366854668
	0.001316710258834064	-0.003375336527824402	-0.0011626509949564934	-0.0011530255433171988	0.0007039894117042422
	-0.00031787384068593383	-0.00030476407846435905	-0.0003192830481566489	-0.0003202348598279059	-0.00031481735641136765
	-0.0002886617439799011	-0.0002995137474499643	-0.00031261175172403455	-0.0003056543064303696	-0.0002648146473802626
	-0.0003135477309115231	-0.00011067575542256236	0.0004862154310103506	-0.001710518030449748	-0.012932004407048225
	-0.02625311352312565	-0.032295819371938705	-0.034196190536022186	-0.024832071736454964	-0.01015659049153328
	0.02014438435435295	0.012139660306274891	0.007679475471377373	-0.0074822986498475075	-0.02588854357600212
	-0.03275242820382118	-0.026849495247006416	0.0040949429385364056	0.021632257848978043	0.03493937477469444
	0.04163317754864693	0.02400098741054535	0.018944306299090385	0.011719310656189919	-0.0019046980887651443
	-0.0034892656840384007	-0.005649043712764978	-0.0009366878657601774	-0.003142999019473791	-0.003378385677933693
	0.0005351370200514793	0.00013202603440731764	-0.0002675292198546231	-0.0003144346992485225	-0.0003157788305543363
	-0.00029942410765215755	-0.000309570983517915	-0.0002886420697905123	-0.0003164875670336187	-0.0003154680016450584
	-0.00030558014987036586	-0.0002546364557929337	-0.0002956658718176186	0.007396787405014038	0.012044255621731281
	0.01723039150238037	0.026338407769799232	0.02731916680932045	0.01583123579621315	-0.006039194762706757
	-0.013655079528689384	-0.013900989666581154	-0.022910073399543762	0.012095735408365726	0.01902305707335472
	0.023781292140483856	0.002180672949180007	-0.03245137259364128	-0.03551922366023064	-0.018708523362874985
	-0.010092483833432198	-0.0035566985607147217	-0.007779997773468494	-0.002029336988925934	0.0007852739654481411
	0.000832225545309484	0.005520052742213011	0.004503369797021151	0.0042297737672924995	0.0003068633086513728
	-0.00030676956521347165	-0.00031843926990404725	-0.0003192131989635527	-0.00029846333200111985	0.002115376992151141
	0.001245181425474584	0.00034244326525367796	0.00039813443436287344	-1.2675533071160316e-05	0.0017719343304634094
	-0.0003609387786127627	-0.00025918864412233233	-0.0004069627611897886	-0.0002926104352809489	-0.00030725408578291535
	-0.00032395735615864396	-0.00036199152236804366	0.0001234040828421712	-0.0006076491554267704	-0.011949012987315655
	-0.01775195822119713	-0.013011413626372814	-0.06388917565345764	0.003070363076403737	0.0072348471730947495
	0.017085518687963486	0.024110982194542885	0.037808842957019806	0.03787114843726158	0.06163714453577995
	0.05721941217780113	0.03795573115348816	0.00845963042229414	-0.016658173874020576	-0.02820921130478382
	-0.028284696862101555	-0.014669235795736313	0.002583565888926387	0.011114981025457382	0.02303129807114601
	0.04168414697051048	0.06120629981160164	0.06350542604923248	0.04912431538105011	0.04112289100885391
	-0.00289061083458364	-0.013023097068071365	-0.023560481145977974	-0.05596064031124115	-0.016640184447169304
	-0.013722309842705727	0.004584396257996559	0.015524058602750301	0.02164321392774582	0.05411452427506447
	0.06732277572154999	0.051387786865234375	0.048042841255664825	0.01968676969408989	-0.01936505176126957
	-0.019307661801576614	-0.020223094150424004	-0.025440020486712456	-0.02396044135093689	-0.007844207808375359
	-0.0216519832611084	0.021719513460993767	0.023024939000606537	0.05659160763025284	0.0846279188990593
	0.0704745277762413	0.02211691439151764	0.013789013959467411	-0.000881838786881417	0.020015912130475044
	0.019968751817941666	0.027686191722750664	0.03310615196824074	0.013979287818074226	-0.008867304772138596
	-0.013641031458973885	-0.013904918916523457	-0.01130360271781683	-0.0005335811874829233	0.025969218462705612
	0.023073889315128326	-0.00944579765200615	-0.039341699331998825	-0.0680638998746872	-0.03418164700269699
	-0.01366548240184784	-0.008880989626049995	0.0003098268643952906	0.0014457866782322526	0.0034049530513584614
	0.002966138534247875	0.005752315744757652	0.0028130323626101017	0.0025374863762408495	-0.00021522835595533252
	-0.0002635712153278291	-0.00030805106507614255	-0.0003161043277941644	-0.00030676048481836915	0.00015527859795838594
	0.00032410791027359664	-0.0002849222510121763	-0.00017466070130467415	-0.00011402764357626438	-0.00016245298320427537
	-0.0003442182787694037	-0.0003383593284524977	-0.00022774230455979705	0.0010949327843263745	-0.0020880415104329586
	-0.0003647759440355003	-0.000276882026810199	-0.0014411772135645151	-0.0011833440512418747	-0.0010936108883470297
	-0.00046898360596969724	-0.00011144304880872369	-0.02438335120677948	-0.037835732102394104	-0.03486104682087898
	-0.055470313876867294	-0.032187458127737045	0.00949489139020443	0.02158444933593273	0.04349792003631592
	0.04776078090071678	0.03949807211756706	0.047849614173173904	0.04674446955323219	0.026290560141205788
	0.00818889494985342	-0.0008926396840251982	-0.00246116379275918	-0.01978454925119877	-0.013367735780775547
	-0.011841944418847561	0.0008401121012866497	0.013969244435429573	0.033309027552604675	0.041969895362854004
	0.06258655339479446	0.055263176560401917	0.027780598029494286	0.024239590391516685	-0.014467787928879261
	-0.058500099927186966	-0.03529396280646324	-0.03405191749334335	-0.042610764503479004	-0.011700914241373539
	0.006429197732359171	0.04420214146375656	0.050798200070858	0.06950273364782333	0.045406829565763474
	0.0346163772046566	0.028064189478754997	0.012897849082946777	-0.013153250329196453	-0.0392458513379097
	-0.02536606229841709	-0.07290272414684296	-0.02597319707274437	-0.0002463937853462994	0.024614140391349792
	0.03749866038560867	0.06644397228956223	0.06475841253995895	0.07921876758337021	0.07513819634914398
	0.049617551267147064	-0.009133055806159973	0.004458134528249502	0.004613947588950396	-0.0010151544120162725
	-0.001200845930725336	0.007985962554812431	-0.008378160186111927	0.005262694787234068	-0.02860398218035698
	0.021192751824855804	0.029129598289728165	0.018764231353998184	-0.03529687598347664	-0.007836739532649517
	-0.0008182167657651007	-0.0002834909246303141	-0.0003182113287039101	-0.024747414514422417	-0.0002656832220964134
	-0.00032033975003287196	-0.023232674226164818	-0.0022940742783248425	-0.029310693964362144	0.03651808574795723
	0.0050483993254601955	-0.03322458639740944	0.019907135516405106	0.04054852947592735	0.02749347686767578
	0.00853436067700386	0.01986125111579895	-0.004222786519676447	-0.027859218418598175	-0.03612295538187027
	-0.0509788878262043	-0.03978744521737099	-0.025855345651507378	0.01657159812748432	-0.005257661920040846
	-0.004209982231259346	-0.00031609059078618884	-0.0002877460210584104	-0.00015166547382250428	-0.00030147406505420804
	-0.00024987891083583236	-0.00027365185087546706	0.033421263098716736	-7.652246858924627e-05	-0.0033436864614486694
	-0.004309673327952623	-0.003757671918720007	-0.0003455676487646997	0.00012328207958489656	-0.0002843491383828223
	0.06800233572721481	-0.04389239475131035	-0.07062016427516937	-0.0002785419928841293	-0.002828662982210517
	0.013650482520461082	-0.00032751873368397355	-0.00034623598912730813	0.029442792758345604	-0.00016496371245011687
	0.01847008243203163	-0.005425821989774704	-0.00030448875622823834	0.010968866758048534	0.08952855318784714
	-0.0003311228356324136	-0.10734805464744568	0.10878952592611313	-0.08044042438268661	-0.10631296783685684
	-0.032479315996170044	0.0381193533539772	-0.0003053364926017821	0.06133429333567619	0.0003612097352743149
	-0.0030833755154162645	-0.00025935779558494687	0.0491722896695137	-0.00044494745088741183	0.038549911230802536
	-0.07454942911863327	-0.05533703416585922	-0.04296524450182915	0.059718456119298935	-0.07505787163972855
	0.0014557354152202606	-0.0002743185614235699	0.029618874192237854	-0.056537628173828125	0.031026622280478477
	0.079778753221035	0.13965123891830444	0.13578742742538452	0.13148567080497742	0.06903360038995743
	0.15357986092567444	0.10273130983114243	0.10556577146053314	0.06138888746500015	0.0376594141125679
	-0.013190497644245625	-0.022571664303541183	-0.07628291100263596	-0.11809764057397842	-0.13141193985939026
	-0.09854516386985779	-0.14233310520648956	-0.11022356897592545	-0.15778785943984985	-0.15695074200630188
	-0.19811302423477173	0.04464417323470116	-0.20243878662586212	-0.21340930461883545	-0.25289565324783325
	-0.030312271788716316	-0.2316228747367859	-0.27213242650032043	0.05018368735909462	-0.19570986926555634
	-0.19006747007369995	-0.17639896273612976	0.04094637557864189	-0.2039906531572342	-0.2711106240749359
	-0.27485594153404236	-0.1098526120185852	-0.10223054140806198	-0.11983001977205276	-0.08919467031955719
	0.10929642617702484	-0.1749470829963684	-0.19313082098960876	-0.06023817136883736	-0.24724219739437103
	-0.26240453124046326	-0.2866790294647217	-0.28580066561698914	-0.29595762491226196	0.10717280954122543
	-0.22671407461166382	-0.2654934823513031	-0.2759624123573303	-0.25544479489326477	-0.10448714345693588
	-0.2970774471759796	-0.3079437017440796	-0.2642349600791931	-0.06261313706636429	0.020408324897289276
	0.014855559915304184	-0.27912408113479614	-0.26334306597709656	-0.046335987746715546	-0.23836597800254822
	0.1720360517501831	-0.23713062703609467	-0.2595730125904083	-0.24786879122257233	-0.18329422175884247
	-0.002701717661693692	0.10471605509519577	-0.14690588414669037	0.10183321684598923	0.2030484974384308
	-0.05711587518453598	-0.16588425636291504	-0.16311222314834595	-0.21578726172447205	-0.16474992036819458
	-0.2242429554462433	-0.16995897889137268	-0.049512509256601334	-0.020483411848545074	-0.07431450486183167
	0.04220728948712349	0.09686022996902466	0.14045855402946472	0.20892839133739471	0.24063250422477722
	0.28342899680137634	0.08046121895313263	0.26778340339660645	0.2803438901901245	0.23638036847114563
	0.21776697039604187	0.18926075100898743	0.1523297280073166	0.1426474004983902	0.06394600868225098
	0.08193265646696091	0.019242770969867706	-0.020586594939231873	-0.08511611819267273	0.04357722029089928
	0.1542954295873642	-0.0893261656165123	-0.06646241247653961	-0.014096863567829132	-0.17814719676971436
	-0.091037318110466	-0.07278983294963837	0.27009233832359314	0.025181615725159645	-0.17537876963615417
	-0.23790127038955688	-0.22044450044631958	0.24039845168590546	-0.055159442126750946	-0.2503224015235901
	-0.2499440759420395	-0.23520204424858093	-0.02320580556988716	0.1555105745792389	0.22842103242874146
	-0.08808103948831558	-0.2075822800397873	-0.10494743287563324	-0.11252199113368988	0.09323576837778091
	0.02064511924982071	-0.2962760329246521	-0.07530242949724197	0.12696059048175812	0.20760992169380188
	0.13902927935123444	-0.20890633761882782	-0.24143098294734955	-0.15157929062843323	0.1614060252904892
	0.20839476585388184	-0.13535460829734802	-0.23672643303871155	-0.1881670504808426	-0.005370657425373793
	0.01516846101731062	0.11837580800056458	0.18523283302783966	0.2339133322238922	0.31149396300315857
	0.312468022108078	0.33994945883750916	0.3313004672527313	0.30375081300735474	0.3054577708244324
	0.27077826857566833	0.2574903666973114	0.19743242859840393	-0.06628279387950897	0.17064222693443298
	0.1038726270198822	0.15062612295150757	0.03233162313699722	0.04093828797340393	0.062136709690093994
	0.10659326612949371	0.10792981088161469	0.045158181339502335	0.07181253284215927	0.03634268417954445
	0.04846874624490738	0.0598926916718483	0.03865155577659607	-0.02289368025958538	0.028410308063030243
	0.029776299372315407	0.12051593512296677	0.15284661948680878	0.0369519479572773	0.015400005504488945
	0.014030469581484795	0.007263195235282183	0.0070270043797791	0.002706882543861866	-0.002763819880783558
	-0.0028506864327937365	-0.0038288035430014133	-0.014878951944410801	-0.002954513533040881	-0.01727236993610859
	-0.007300900295376778	-0.014575543813407421	0.00019430730026215315	0.0022864791098982096	-0.0036101839505136013
	-0.0025044886860996485	-0.00033051130594685674	-0.0003279093070887029	-0.0003243014798499644	-0.0002830396988429129
	-0.0003326561418361962	-0.00030312553280964494	-0.0002936815726570785	-0.0003627777914516628	-0.00033345684641972184
	-0.00041707250056788325	-0.00032844539964571595	0.2370312213897705	-0.00028264877619221807	-0.00033134472323581576
	-0.00033446605084463954	-0.0003224721294827759	-0.0003321575350128114	-0.0003277743817307055	0.05666062608361244
	-0.00032352417474612594	0.3027256429195404	0.07111318409442902	-0.07014915347099304	-0.13400059938430786
	-0.0003111767000518739	-0.010075801983475685	-0.0003198882914148271	-0.0003110888064838946	-0.0003215869073756039
	0.08861687034368515	-0.00032266363268718123	0.0226958766579628	0.216080904006958	0.1428298056125641
	-0.09297223389148712	-0.21081233024597168	-0.18949608504772186	-0.24777109920978546	-0.2794376015663147
	-0.2684190273284912	-0.28819841146469116	-0.00032291229581460357	0.268857479095459	-0.05413347855210304
	0.14488622546195984	-0.16250649094581604	-0.2209138125181198	-0.21628177165985107	-0.00032009283313527703
	-0.0002885070280171931	0.09297595918178558	-0.02661556378006935	0.00556887686252594	0.00865945778787136
	0.10123390704393387	0.05020219832658768	0.03300081565976143	-0.000298439699690789	-0.019339708611369133
	0.06155312806367874	-0.0003226907574571669	-0.19087933003902435	-0.20640674233436584	-0.0003144055954180658
	0.22567780315876007	0.002434469759464264	-0.00032264593755826354	0.020131774246692657	-0.06345489621162415
	-0.12793086469173431	-0.23113448917865753	0.08330298960208893	0.1395428627729416	0.148764967918396
	-0.0003070706152357161	0.11615771800279617	0.07976285368204117	-0.04873257130384445	0.035826727747917175
	-0.01580122858285904	-0.0003088137018494308	-0.00031962263165041804	-0.1401137411594391	-0.04315267503261566
	-0.06743329763412476	0.1340685933828354	0.0751788392663002	0.21371743083000183	0.30753231048583984
	0.18767502903938293	-0.0003214770113117993	-0.2727360427379608	-0.2593526542186737	-0.24618172645568848
	-0.25102779269218445	-0.21481452882289886	-0.19572481513023376	-0.006132212933152914	0.17432910203933716
	0.2010997086763382	-0.0003061455790884793	0.05050542950630188	0.05865812301635742	-0.03603892773389816
	0.14655523002147675	0.266167014837265	-0.19892999529838562	0.016021836549043655	0.007732303347438574
	-0.06294532120227814	0.143406942486763	0.09003400057554245	-0.11211609840393066	-0.20740005373954773
	-0.1984340101480484	-0.19780373573303223	-0.17763017117977142	0.017107881605625153	-0.008792666718363762
	-0.058799222111701965	-0.0024265649262815714	0.06808924674987793	0.10211820900440216	0.02838647924363613
	0.13078106939792633	0.1610630303621292	0.14347654581069946	0.05467935651540756	0.13699112832546234
	0.18813273310661316	0.1688528209924698	-0.015126769430935383	-0.08292994648218155	-0.2232544720172882
	-0.21834753453731537	-0.10568426549434662	0.12120142579078674	0.21377891302108765	0.1465836763381958
	-0.08487429469823837	-0.10236936807632446	-0.1733110100030899	-0.16778188943862915	-0.024280041456222534
	-0.06600325554609299	-0.03912508860230446	-0.14010770618915558	0.06784474104642868	0.15298417210578918
	0.024635205045342445	0.07409146428108215	0.028944842517375946	0.062201257795095444	0.12347741425037384
	0.06688126921653748	0.11660698801279068	0.11010558903217316	0.07900752127170563	0.09022708237171173
	0.1940803825855255	0.21190191805362701	0.23341487348079681	-0.2611951529979706	-0.12032397091388702
	0.016051504760980606	-0.2355843484401703	-0.028679607436060905	-0.08644551038742065	-0.20330430567264557
	-0.014872639440000057	0.025183260440826416	-0.12742337584495544	-0.18621787428855896	-0.05508331581950188
	-0.10109143704175949	-0.0003263216349296272	-0.05234318971633911	0.011416975408792496	0.013284302316606045
	-0.11018797010183334	-0.19323620200157166	0.09961117058992386	-0.07081246376037598	-0.0536714643239975
	-0.05575961992144585	0.024089252576231956	-0.05137524753808975	-0.1689550131559372	0.1058783084154129
	-0.055986203253269196	0.02491600252687931	0.028506949543952942	-0.19393113255500793	0.1515793353319168
	0.1907004863023758	-0.10180036723613739	-0.12787146866321564	-0.1547917276620865	0.22652669250965118
	0.17589595913887024	0.04818972200155258	-0.16078124940395355	-0.21871420741081238	-0.22983203828334808
	-0.07382398843765259	-0.09258805215358734	-0.042255960404872894	-0.0171784907579422	-0.0052542793564498425
	-0.005799160338938236	-0.26195037364959717	-0.19450543820858002	-0.19023941457271576	0.08520620316267014
	-0.08225712180137634	0.011653890833258629	-0.11927926540374756	-0.09675244987010956	-0.23751692473888397
	-0.0003121746121905744	-0.00032809184631332755	0.07414732873439789	-0.09347471594810486	0.20057038962841034
	-0.1587248146533966	-0.06829472631216049	-0.15081042051315308	-0.1198999285697937	-0.14020788669586182
	-0.20283836126327515	-0.039501819759607315	-0.00893300212919712	0.05564174801111221	0.04593213275074959
	0.0801682248711586	0.11890746653079987	0.04341721907258034	0.11254602670669556	-0.06531429290771484
	-0.037631358951330185	0.16818872094154358	0.22259174287319183	0.011369096115231514	-0.1982288360595703
	-0.24707002937793732	-0.16001497209072113	-0.07546476274728775	0.15210406482219696	0.08671416342258453
	-0.00028409279184415936	-0.0002664094208739698	-0.00029026047559455037	0.08226919919252396	0.11345751583576202
	0.13620339334011078	-0.08555478602647781	0.012013721279799938	0.014662543311715126	0.005979433190077543
	0.003303505713120103	0.008994188159704208	-0.060358960181474686	0.016073381528258324	-0.0002897418453358114
	0.17442889511585236	-0.24609951674938202	-0.10495404154062271	-0.1417808085680008	-0.17883232235908508
	-0.21719278395175934	-0.011581550352275372	0.15358534455299377	-0.06599530577659607	0.08043836057186127
	0.0065285093151032925	-0.05975252389907837	0.14647206664085388	0.18364815413951874	0.21427583694458008
	-0.07439902424812317	-0.08137543499469757	0.07573221623897552	0.0015241331420838833	-7.076247129589319e-05
	0.22495746612548828	-0.00028381875017657876	-0.0003471456584520638	-0.0002846953575499356	-0.0002801757655106485
	0.00021717353956773877	0.0006393407820723951	-0.0028556808829307556	-0.002982927020639181	4.483852535486221e-06
	-0.00025427184300497174	-0.00033307221019640565	-0.009290586225688457	-0.00031166401458904147	0.06941039115190506
	-0.0003169829142279923	-0.00030979927396401763	-0.0002834087354131043	-0.0002907991292886436	-0.00030105997575446963
	-0.00031753763323649764	-0.000301990716252476	-0.018154993653297424	-0.0002419895608909428	-0.00026749615790322423
	-0.001856519840657711	-0.0026090035680681467	-0.00027657189639285207	-2.246646909043193e-05	0.016505517065525055
	-0.010963435284793377	0.00038072277675382793	0.004485179670155048	0.02004614658653736	-0.000306326721329242
	-0.00027008872712031007	-0.24335606396198273	0.06979384273290634	0.018555283546447754	-0.0047732070088386536
	-0.2388555258512497	0.016059240326285362	-0.00031997013138607144	0.2097698301076889	0.07335980981588364
	0.10754401236772537	-0.13206423819065094	-0.10129744559526443	-0.044286098331213	0.028389781713485718
	0.1570517122745514	-0.0014421497471630573	0.19373276829719543	-0.007513667456805706	-0.2555138170719147
	-0.010757560841739178	0.08006250113248825	-0.05078199505805969	0.008217907510697842	-0.23309046030044556
	0.0013867784291505814	-0.0013705340679734945	0.10872432589530945	-0.00026527250884100795	-0.00010757020208984613
	0.1054924726486206	-0.15051153302192688	0.13183312118053436	-0.10454943031072617	0.04081607982516289
	0.001405621413141489	0.09878087788820267	0.14106324315071106	0.2499561905860901	0.14105845987796783
	-0.03577837720513344	0.008743571117520332	0.09906531125307083	0.10965118557214737	-0.16980548202991486
	-0.06206326186656952	0.19719699025154114	-0.1836700439453125	-0.012502308934926987	-0.18502755463123322
	-0.0002930445480160415	-0.17090940475463867	-0.09791304171085358	0.0026727057993412018	0.06272272020578384
	-0.005688326433300972	0.047910355031490326	0.052938852459192276	-0.18476176261901855	0.0020858007483184338
	0.3016197383403778	0.21261215209960938	-0.18045762181282043	-0.013542852364480495	-0.0003458584542386234
	-0.001529973465949297	-0.19985711574554443	0.020067930221557617	0.08787757903337479	0.017922919243574142
	-0.26908937096595764	0.01014016941189766	0.008336207829415798	-0.18604521453380585	-0.17856088280677795
	-0.23837819695472717	0.11966510862112045	0.03874732926487923	-0.22554993629455566	0.04207232594490051
	0.19901703298091888	-0.25794923305511475	-0.2548072934150696	-0.14280690252780914	-0.15436750650405884
	0.038463763892650604	-0.1274106502532959	0.08222145587205887	0.27699974179267883	-0.17934344708919525
	0.010995348915457726	-0.00031667581060901284	-0.09789357334375381	-0.1451442539691925	0.1381564438343048
	0.1885746866464615	0.06874346733093262	-0.02338990941643715	0.1884893923997879	0.2623465359210968
	-0.27287912368774414	-0.2581890821456909	0.030101390555500984	-0.23774254322052002	-0.15724524855613708
	-0.16257494688034058	0.14710214734077454	0.1144302487373352	-0.25450801849365234	-0.22290454804897308
	-0.11425898969173431	0.0628352016210556	0.23681728541851044	0.20055127143859863	0.2266276776790619
	-0.015975892543792725	0.0008375408942811191	-0.09626354277133942	-0.05828763172030449	6.331672193482518e-05
	-0.2539733052253723	-0.14545559883117676	-0.06608901172876358	-0.12091323733329773	0.19778932631015778
	-0.013536093756556511	-0.209188312292099	-0.14340661466121674	-0.24070806801319122	-0.05340910702943802
	-0.1927437037229538	0.09842297434806824	-0.17803335189819336	0.09096378087997437	-0.02710786648094654
	0.24745707213878632	0.2108648717403412	0.042414162307977676	-0.00032043567625805736	0.17564161121845245
	-0.005047533195465803	-0.12925556302070618	-0.009204583242535591	-0.17401644587516785	-0.16441911458969116
	-0.0693170428276062	0.16977877914905548	-0.188849538564682	0.1490502506494522	-0.00031987257534638047
	0.22467941045761108	-0.09237035363912582	0.006259934976696968	-0.17460434138774872	0.17399713397026062
	-0.0003227599081583321	-0.0979677066206932	0.2591547667980194	-0.0003665247349999845	-0.00046931213000789285
	0.00030407888698391616	-0.00016451021656394005	-0.23828288912773132	0.1015910804271698	-0.08911096304655075
	0.004835041239857674	-0.21528197824954987	-0.02362348698079586	-0.0002699808101169765	-0.19381706416606903
	0.03509072586894035	0.16512569785118103	0.3026883900165558	-0.22628642618656158	-0.00032732990803197026
	-0.08429872989654541	0.008929749019443989	-0.1761900633573532	-0.0003134185099042952	-0.2345123440027237
	-0.20194819569587708	0.16444377601146698	0.1720580756664276	-0.03109714947640896	-0.013484613038599491
	-0.2594911754131317	0.20798100531101227	0.10828127712011337	-0.0002581446315161884	-0.13632911443710327
	-0.004391722846776247	-0.27902504801750183	0.0013750839279964566	-0.04332591965794563	-0.0022280493285506964
	-0.2146477848291397	-0.07290827482938766	0.083177849650383	-0.05964810028672218	-0.00026768428506329656
	-0.15746542811393738	0.17928048968315125	0.14090242981910706	0.08951479941606522	-0.12381365150213242
	-0.1090618148446083	0.12050847709178925	0.19647517800331116	0.011979697272181511	0.006349010393023491
	-0.13831733167171478	-0.11195232719182968	0.02852720022201538	-0.14129209518432617	-0.23962531983852386
	-0.001316313399001956	-0.10017553716897964	-0.09388260543346405	-0.11595774441957474	0.11143379658460617
	-0.004196375608444214	0.19560356438159943	0.001014708075672388	-0.0003161384374834597	-0.0003230650327168405
	0.0161802489310503	-3.5268720239400864e-05	-0.00037293933564797044	-0.020093560218811035	-0.0210895836353302
	0.009146716445684433	-0.042768143117427826	-0.023918231949210167	0.03078635409474373	-0.020018789917230606
	-0.04386905953288078	-0.013977193273603916	-0.00586052518337965	-0.014734243042767048	0.003243539948016405
	0.010178466327488422	0.011560622602701187	0.016351286321878433	0.04606882855296135	0.026034558191895485
	-0.006779565941542387	0.0007479249616153538	0.00035770414979197085	0.0028195485938340425	-0.0005759259802289307
	-0.0002640591119416058	-0.0004368585650809109	-0.0002846785937435925	-0.0005435211933217943	0.00028319237753748894
	-0.00020991952624171972	-0.024842310696840286	0.005207532551139593	0.0036382104735821486	0.0009131275583058596
	-0.0004086981643922627	-0.0002495882217772305	0.04602158069610596	-0.0332663469016552	-0.05159253627061844
	-0.0002828178112395108	0.0021324025001376867	0.011836275458335876	-0.0002862596302293241	-0.00038227118784561753
	0.030890801921486855	-9.107618825510144e-05	0.01995856687426567	-0.0037840004079043865	-0.012429513037204742
	-0.0002555881510488689	0.06985700130462646	-0.0023975304793566465	-0.1311604231595993	0.11679894477128983
	-0.06030028313398361	-0.14308248460292816	-0.04372294619679451	0.03202107921242714	-0.00025441456818953156
	0.08983688056468964	0.0169543344527483	6.091222167015076e-05	-0.00027670658892020583	0.04623759537935257
	-0.001999098341912031	0.03980942443013191	-0.06551716476678848	-0.06015430763363838	-0.06667707860469818
	0.06332038342952728	-0.07910985499620438	5.7609810028225183e-05	0.028877034783363342	-0.00043901504250243306
	-0.07311321794986725	0.00924254022538662	0.09137562662363052	0.10936000943183899	0.1555883288383484
	0.15264344215393066	0.08389878273010254	0.1597721129655838	0.12034164369106293	0.11452297121286392
	0.07032264024019241	0.034953292459249496	-0.006598805543035269	-0.04394035413861275	-0.0644245594739914
	-0.11254563182592392	-0.12471028417348862	-0.08729192614555359	-0.12606526911258698	-0.10503959655761719
	-0.16096889972686768	-0.16762804985046387	-0.1955329179763794	0.04506309702992439	-0.19880825281143188
	-0.21547919511795044	-0.2569279670715332	-0.03948289155960083	-0.23860761523246765	-0.27460551261901855
	0.042737510055303574	-0.18379488587379456	-0.18383486568927765	-0.1766134798526764	0.05104244500398636
	-0.21858543157577515	-0.277457058429718	-0.28608763217926025	-0.12351860105991364	-0.10499018430709839
	-0.1204943060874939	-0.07521073520183563	0.09935551136732101	-0.1924009770154953	-0.17703017592430115
	-0.06063315272331238	-0.24826712906360626	-0.27538037300109863	-0.2896440625190735	-0.30718812346458435
	-0.2929094135761261	0.12230288237333298	-0.24063891172409058	-0.2691255807876587	-0.2776167690753937
	-0.2541554272174835	-0.10291930288076401	-0.298950731754303	-0.303714781999588	-0.2621682286262512
	-0.062371887266635895	0.030855383723974228	-0.021723667159676552	-0.27705615758895874	-0.2656131386756897
	-0.028711311519145966	-0.2328457534313202	0.16519249975681305	-0.23534570634365082	-0.2506340742111206
	-0.2498866468667984	-0.18807759881019592	0.0016072873258963227	0.10786338150501251	-0.14408674836158752
	0.12656842172145844	0.1908017247915268	-0.05469047650694847	-0.15244142711162567	-0.15992045402526855
	-0.20837882161140442	-0.16386663913726807	-0.22815094888210297	-0.1763700246810913	-0.06457677483558655
	-0.01443444937467575	-0.08144399523735046	0.04790469631552696	0.1001642569899559	0.14166659116744995
	0.20642848312854767	0.22787204384803772	0.2596305012702942	0.07848100364208221	0.2659105658531189
	0.2703567445278168	0.235422283411026	0.2193068563938141	0.1877601146697998	0.1444263905286789
	0.15091300010681152	0.06293260306119919	0.06954249739646912	0.022362761199474335	-0.01398314069956541
	-0.08798330277204514	0.04606730490922928	0.16274641454219818	-0.07920606434345245	-0.06675439327955246
	-0.008594910614192486	-0.19052091240882874	-0.08724555373191833	-0.07318253070116043	0.24973629415035248
	0.021946366876363754	-0.16946913301944733	-0.232218936085701	-0.22656850516796112	0.23213814198970795
	-0.06534343212842941	-0.2479383945465088	-0.2530074715614319	-0.2354690283536911	-0.02031298354268074
	0.1684630960226059	0.21435990929603577	-0.10344362258911133	-0.20653335750102997	-0.10145864635705948
	-0.09701749682426453	0.09000489115715027	0.011538184247910976	-0.29902786016464233	-0.06931472569704056
	0.09868060797452927	0.21233642101287842	0.13652664422988892	-0.22183318436145782	-0.2275763899087906
	-0.15389472246170044	0.17798198759555817	0.18838350474834442	-0.14790749549865723	-0.2295118123292923
	-0.17857198417186737	-0.004936335142701864	0.012979955412447453	0.133253812789917	0.1940031498670578
	0.23851987719535828	0.31191766262054443	0.3244980573654175	0.3507017195224762	0.34146440029144287
	0.3019421398639679	0.3113269507884979	0.26595672965049744	0.26830729842185974	0.1975466012954712
	-0.08338117599487305	0.1531885415315628	0.08946598321199417	0.12809816002845764	0.025868410244584084
	0.05114700272679329	0.05799079313874245	0.0917225182056427	0.10625673830509186	0.04556785896420479
	0.07533108443021774	0.03358343616127968	0.056275494396686554	-0.010660512372851372	0.10321211069822311
	0.10520778596401215	0.033192504197359085	0.0324464850127697	0.03955112770199776	0.021366367116570473
	0.007359676994383335	0.009247544221580029	0.016789890825748444	0.005820032674819231	0.01007065363228321
	-0.002019780920818448	-0.009525501169264317	-0.004471771419048309	-0.004864833317697048	-0.019241295754909515
	-0.008980872109532356	-0.019213765859603882	-0.011335191316902637	-0.023849450051784515	0.004142187535762787
	0.006015864200890064	-0.020264511927962303	-0.009713786654174328	-0.0003349232138134539	-0.0003271494642831385
	-0.000324153748806566	-0.0003162416978739202	-0.0003193228621967137	-0.0003253047470934689	-0.00032428879057988524
	-0.0003159850020892918	-0.0003322183038108051	-0.00041734817204996943	-0.0002986942999996245	0.23541752994060516
	-0.0003205632674507797	-0.0003110444522462785	-0.0002977937110699713	-0.00032225862378254533	-0.00029054185142740607
	-0.0003119320026598871	-0.00031179393408820033	0.05724870041012764	-0.06028623506426811	-0.13426055014133453
	0.3204803466796875	0.011060391552746296	-0.0003250139416195452	-0.0003102694754488766	-0.015152637846767902
	0.012912227772176266	-0.0002789305872283876	-0.0003124018548987806	-0.0003270758897997439	0.04955090209841728
	-0.00029927975265309215	0.20134274661540985	0.1194617748260498	0.2702268958091736	0.22633139789104462
	-0.06872933357954025	-0.1830100417137146	-0.2104051411151886	-0.2515597641468048	-0.2470858097076416
	-0.2808036208152771	-0.2972223460674286	0.12370552122592926	7.2711321990937e-05	0.023115405812859535
	0.01089330855756998	-0.15883421897888184	-0.22108779847621918	-0.21982532739639282	0.06020498648285866
	-0.060655176639556885	0.0027684560045599937	0.006998181808739901	0.10424858331680298	-0.24360011518001556
	-0.23063261806964874	0.02549847401678562	-0.006765511352568865	0.041982606053352356	-0.19851145148277283
	-0.05728645995259285	0.06684999912977219	0.12476956099271774	0.17425785958766937	0.0009636387112550437
	0.00822519138455391	-0.00030973443062976	0.11267202347517014	0.0823366716504097	-0.05561469495296478
	-0.01826293393969536	0.02972554787993431	-0.16400094330310822	-0.03323160856962204	-0.08283999562263489
	0.130173459649086	0.0685543492436409	-0.00031324970768764615	-0.00031098624458536506	0.21604563295841217
	0.20524583756923676	0.3027955889701843	-0.00030231423443183303	0.014707798138260841	-0.2549303472042084
	-0.2240092009305954	-0.21339482069015503	0.18121689558029175	-0.006068939343094826	0.18979039788246155
	-0.1559840440750122	-0.18344663083553314	0.17270898818969727	-0.0065553802996873856	0.058401040732860565
	-0.06180602312088013	0.15437859296798706	0.24595582485198975	-0.00047479214845225215	-0.17611798644065857
	0.016377247869968414	-0.03478830307722092	-0.06470169872045517	0.12146185338497162	-0.11866419017314911
	-0.20753063261508942	-0.1873684674501419	-0.19312691688537598	-0.16776521503925323	-0.009300903417170048
	-0.0813719853758812	0.015543565154075623	0.05302615836262703	0.10008148103952408	0.009222939610481262
	0.09297779947519302	0.1598425954580307	0.15258103609085083	-0.002258631866425276	0.13445989787578583
	0.173918217420578	-0.2769542634487152	-0.2665970027446747	-0.026658795773983	-0.09070611745119095
	-0.23864303529262543	-0.22579608857631683	-0.1166086196899414	0.13011136651039124	0.22536957263946533
	0.18206800520420074	-0.08229435980319977	-0.12677109241485596	-0.16905227303504944	-0.18081192672252655
	-0.033619072288274765	-0.07441925257444382	-0.061416078358888626	-0.16433681547641754	0.08175032585859299
	0.1728873997926712	0.03381747752428055	0.06620095670223236	0.02852126583456993	0.044662121683359146
	0.10970839858055115	0.06137249246239662	0.11655975878238678	0.1071392297744751	0.07315050810575485
	0.05043318495154381	0.1589755266904831	0.18888303637504578	0.21186695992946625	-0.2688668966293335
	-0.10840567946434021	0.019669394940137863	-0.23901647329330444	-0.02844524197280407	-0.030820174142718315
	-0.01845134235918522	-0.08986080437898636	-0.19216126203536987	-0.12270796298980713	-0.17963436245918274
	-0.04479479417204857	-0.09787450730800629	-0.06263262033462524	0.021921398118138313	0.03161826729774475
	0.1731075793504715	0.14043059945106506	-0.14838393032550812	-0.09380325675010681	-0.1941279172897339
	0.115803062915802	-0.06508323550224304	-0.02726154960691929	-0.058547236025333405	0.047558173537254333
	-0.06448859721422195	-0.14762461185455322	0.09996041655540466	-0.06611263751983643	0.02685052715241909
	0.03418022021651268	-0.1855650097131729	-0.14677785336971283	0.15824933350086212	0.2132807970046997
	-0.12761476635932922	-0.1268339902162552	0.21440604329109192	0.16781382262706757	-0.144596129655838
	-0.21959801018238068	-0.2282249927520752	-0.07290327548980713	-0.09186789393424988	-0.2519324719905853
	-0.1682666838169098	-0.2032419890165329	0.08550688624382019	0.008287113159894943	-0.09263148903846741
	-0.25130951404571533	0.08182837814092636	0.1800297349691391	-0.15634548664093018	-0.08789221942424774
	-0.15630611777305603	-0.12321876734495163	-0.1305195838212967	-0.19345569610595703	-0.011374111287295818
	0.00749720074236393	0.05784418806433678	0.047921307384967804	0.059791162610054016	0.11884397268295288
	0.033977776765823364	0.10310879349708557	-0.03972410038113594	-0.02651534043252468	0.17513567209243774
	0.23103079199790955	0.02696865238249302	-0.19181537628173828	-0.25290846824645996	-0.16429650783538818
	-0.08424000442028046	-0.00032006605761125684	-0.000325251545291394	0.1513010859489441	0.09228288382291794
	0.07495778799057007	0.0976550430059433	0.012090994045138359	0.0952320471405983	0.036119088530540466
	0.06234271824359894	0.04281025007367134	-0.06660514324903488	0.18865461647510529	-0.2604544758796692
	-0.010734999552369118	-0.002670890185981989	-0.09495511651039124	-0.02064928412437439	-0.15023812651634216
	-0.24219824373722076	-0.18047502636909485	-0.21545852720737457	0.00829321052879095	0.016371898353099823
	0.15346895158290863	-0.09055542945861816	-0.0026823626831173897	-0.005737314000725746	0.009814633056521416
	0.14384862780570984	0.17806476354599	0.21737129986286163	-0.06708574295043945	-0.07509107142686844
	0.2300199419260025	0.05378255248069763	-0.00045791611773893237	-0.00029713771073147655	-0.00024714466417208314
	-0.00029498146614059806	-0.00032225094037130475	-0.0003158699837513268	-0.0003000597353093326	-0.0003118637832812965
	-0.0005196503479965031	-0.0003161824424751103	-0.0004811786930076778	-0.08371525257825851	-0.00030649249674752355
	-0.033770252019166946	-0.06117691099643707	-0.0002997740521095693	-0.00032467785058543086	-0.00031608931021764874
	-0.0003042230964638293	0.0010411471594125032	-0.0007142379763536155	-0.0003383082221262157	9.45985084399581e-06
	-0.0002827647258527577	-0.00031473481794819236	-0.00030001270351931453	-0.00012045534094795585	-7.352681132033467e-05
	0.00018023414304479957	-0.0002530740457586944	-0.0003123500500805676	-0.004351878073066473	-0.00028365064645186067
	0.05118708312511444	-0.0003317611408419907	-0.0009278774377889931	-0.00032154686050489545	-0.01743493042886257
	-0.017805058509111404	0.0020424549002200365	-0.021710585802793503	-0.00032578728860244155	0.01970401220023632
	-0.014027560129761696	0.016181105747818947	0.00021315162302926183	0.025190822780132294	-0.2523249089717865
	0.07115448266267776	0.0007833381532691419	-0.003907548263669014	-0.004054696764796972	-0.009297412820160389
	-0.00019420450553297997	0.02971542999148369	0.23593957722187042	0.07418989390134811	0.11778708547353745
	-0.14265935122966766	-0.08662442862987518	-0.04696774110198021	0.007095676381140947	0.003496851772069931
	0.00928484182804823	0.17744822800159454	-0.03190962225198746	-0.00031472445698454976	0.19743341207504272
	-0.0022158813662827015	-0.24722203612327576	-0.008936861529946327	0.0797901302576065	-0.03481639549136162
	0.0785139724612236	0.0957827940583229	-0.0014333941508084536	0.12613040208816528	-0.0002998067648150027
	-0.00014683051267638803	-0.16553537547588348	-0.0002547921030782163	0.09662286937236786	-0.15787488222122192
	0.1330065131187439	-0.045824963599443436	-0.11194370687007904	0.054869748651981354	0.25835493206977844
	0.13724775612354279	0.12874984741210938	-0.02069902792572975	-0.005471640266478062	0.10343355685472488
	-0.1682204306125641	-0.05422288924455643	0.20537243783473969	0.09319855272769928	-0.1490446925163269
	-0.21206554770469666	-0.10748567432165146	-0.15470127761363983	-0.09558207541704178	0.10141541808843613
	-0.18229849636554718	-0.0020268107764422894	-0.22657188773155212	-0.1666712909936905	0.06857678294181824
	0.006174091249704361	-0.00019923364743590355	0.30447936058044434	0.24099569022655487	0.19815593957901
	-0.1515737771987915	-0.044146373867988586	-0.1783425658941269	0.024563804268836975	0.0773148238658905
	-0.28242483735084534	-0.19227184355258942	-0.22874696552753448	0.006043705157935619	-0.00031104980735108256
	0.04253716766834259	0.034987274557352066	-0.19553802907466888	-0.2717314064502716	-0.25353142619132996
	-0.14847567677497864	-0.10838479548692703	0.011036179028451443	-0.11566124856472015	0.09494131803512573
	-0.00030582508770748973	0.2852836549282074	-0.20345538854599	-0.0895560085773468	0.004610996227711439
	-0.11399053782224655	0.1184527575969696	0.18110164999961853	-0.22480212152004242	-0.019431404769420624
	0.1841644048690796	-0.0003169875708408654	-0.27468541264533997	-0.23755495250225067	-0.11073947697877884
	-0.01817326992750168	-0.2295065075159073	0.2750270962715149	-0.14761169254779816	-0.17528942227363586
	0.16130933165550232	0.11653350293636322	-0.25237762928009033	-0.12010663747787476	0.04893426597118378
	0.07105521112680435	0.24521541595458984	0.20715774595737457	-0.00031011871760711074	0.21512867510318756
	0.010680320672690868	-0.08991504460573196	-0.00028409011429175735	-0.2428903579711914	-0.2527371048927307
	-0.2401883453130722	-0.018198927864432335	0.03267368674278259	-0.0638805404305458	-0.11437371373176575
	0.18580362200737	-0.12332882732152939	-0.2421705722808838	-0.06063058227300644	-0.19373318552970886
	0.11201541125774384	-0.07326357811689377	0.08717777580022812	-0.05348693206906319	0.08154995739459991
	0.2275986224412918	0.2017315775156021	-0.0002528094337321818	0.031001990661025047	0.1380852609872818
	-0.003749302588403225	-0.13439242541790009	-0.07221429795026779	-0.0003014733665622771	-0.1516946703195572
	0.0006656758487224579	-0.08139577507972717	0.173122838139534	-0.0003292625187896192	0.0025161239318549633
	-0.17764176428318024	0.13260474801063538	0.21194301545619965	-0.08266298472881317	-0.18607938289642334
	-0.00027054728707298636	0.009714003652334213	-0.00025444856146350503	-0.18730054795742035	0.1731366366147995
	0.005115254316478968	-0.11471132189035416	0.2377747744321823	-4.262779839336872e-05	0.010765104554593563
	-0.0004091960727237165	-0.2517264485359192	0.09673767536878586	-0.0960933193564415	-0.22037366032600403
	-0.009396607056260109	-0.20212432742118835	0.03183821961283684	0.1689552664756775	0.3121509552001953
	-0.06814324855804443	-0.1503288298845291	-0.21228571236133575	-0.00032387644750997424	-0.21375612914562225
	0.009359006769955158	0.1553337723016739	0.1647307425737381	-0.029563963413238525	-0.03565429523587227
	-0.2510514259338379	-0.011211525648832321	0.18105317652225494	0.00034540481283329427	0.12682117521762848
	-0.00028428988298401237	-0.13315699994564056	-0.27330490946769714	-0.048245619982481	-0.22635281085968018
	-0.04982883110642433	-0.00027797179063782096	0.051677897572517395	0.11394902318716049	-0.12760509550571442
	0.06961822509765625	-0.06284759938716888	-0.0002663315390236676	0.1201629489660263	-0.1526467204093933
	0.18704204261302948	0.12320664525032043	0.09170427918434143	-0.12772944569587708	0.023529041558504105
	0.11539440602064133	0.20263974368572235	0.0011355150490999222	0.1749807894229889	-0.009082160890102386
	-0.10017065703868866	-0.13164103031158447	0.1839561015367508	-0.25367292761802673	-0.09147375077009201
	-0.09182248264551163	-0.10640466213226318	-0.00039587978972122073	-0.001642533577978611	-0.0003253000904805958
	-0.00045699445763602853	-0.00038528715958818793	-0.0065770139917731285	-0.0003485265769995749	-0.0005422154790721834
	0.030760155990719795	-0.07197824120521545	0.030333606526255608	-0.018088331446051598	0.035806864500045776
	0.01433261763304472	-0.031200354918837547	0.052759163081645966	0.019290093332529068	0.001314875902608037
	-0.04491984099149704	0.029065148904919624	0.010814417153596878	0.04818736016750336	-0.013195929117500782
	0.015563610941171646	0.04168140888214111	-0.052147507667541504	-0.04391307756304741	0.018482094630599022
	0.03116021864116192	0.028011420741677284	-0.05341413617134094	-0.02828221581876278	-0.056631386280059814
	-0.0600777231156826	-0.04116891697049141	-0.04307863116264343	-0.024332107976078987	-0.021170487627387047
	-0.0028988532721996307	-0.01596660725772381	0.01592673547565937	0.008584163151681423	0.033486999571323395
	0.03403298184275627	0.06759212166070938	0.04822136089205742	0.0834706723690033	0.09560190886259079
	0.044416364282369614	0.06444941461086273	0.09875626116991043	0.062454503029584885	0.06408577412366867
	0.05546488240361214	0.03216397389769554	0.029872238636016846	0.005400914698839188	0.0033335827756673098
	-0.0076046353206038475	-0.01706862449645996	-0.02870636060833931	-0.03563131392002106	-0.03517835587263107
	-0.044401418417692184	-0.04299679026007652	-0.06605762988328934	-0.04612598568201065	-0.026635773479938507
	-0.0368584543466568	-0.00851033627986908	0.0018980170134454966	0.013921805657446384	0.024264562875032425
	0.019049596041440964	0.04074336215853691	0.017649248242378235	0.0655459612607956	0.0574922114610672
	-0.036764513701200485	0.062350429594516754	-0.01829460635781288	-0.013309834524989128	0.04253946989774704
	0.02589566260576248	-0.0643622875213623	0.06271285563707352	0.07384238392114639	0.08324307203292847
	0.06282860785722733	0.06305302679538727	0.04445415362715721	-0.06371696293354034	0.06279449909925461
	-0.02431989088654518	0.010811181738972664	-0.02299337647855282	-0.11832138895988464	-0.025094419717788696
	-0.009107737801969051	0.004439064767211676	-0.012901189737021923	0.06580313295125961	0.04670257121324539
	-0.02004583179950714	-0.005426578689366579	0.03811412677168846	0.016620144248008728	-0.030688924714922905
	0.003273644717410207	0.05253210663795471	-0.01473324652761221	0.03643777221441269	0.03228365257382393
	-0.010711952112615108	-0.028072156012058258	0.08995657414197922	0.04112749546766281	0.0379408523440361
	0.008556203916668892	-0.007264753803610802	-0.025134913623332977	-0.012646529823541641	-0.03344494849443436
	0.01744484156370163	0.07278841733932495	0.08695124089717865	-0.08439324051141739	-0.033020634204149246
	-0.033608946949243546	-0.034928977489471436	-0.023858897387981415	-0.030055589973926544	-0.009097471833229065
	0.002293835859745741	0.019273916259407997	0.049809783697128296	0.026593782007694244	0.02804057113826275
	-0.0440896600484848	0.040420155972242355	0.06024082005023956	0.05360997095704079	0.0007189608877524734
	0.05770456790924072	0.054476428776979446	0.003683433635160327	0.06097123399376869	-0.014641412533819675
	0.016499536111950874	0.0332140177488327	0.048750728368759155	0.05434975400567055	0.038308024406433105
	-0.018002167344093323	-0.026747483760118484	-0.052728042006492615	0.0022121050860732794	-0.013995819725096226
	0.009702633135020733	0.05530456453561783	-0.03509977459907532	0.05374974012374878	0.008690788410604
	0.04937773570418358	-0.029103942215442657	0.0031249606981873512	-0.06640491634607315	-0.006344644818454981
	0.0824023187160492	-0.057771362364292145	-0.00018985511269420385	-0.0549345426261425	0.04684917628765106
	0.016899527981877327	0.06322580575942993	-0.06036672368645668	-0.03593374043703079	0.04766693711280823
	-0.022140219807624817	0.03393705189228058	0.040292687714099884	-0.03147682920098305	-0.03865592181682587
	-0.024574734270572662	0.017193442210555077	0.03508136048913002	-0.008458979427814484	0.023892996832728386
	0.06884464621543884	0.06174146756529808	0.004744957201182842	-0.027973294258117676	-0.016406884416937828
	-0.027090471237897873	0.06401363015174866	0.019112616777420044	0.017447330057621002	0.05102597922086716
	0.04628418758511543	0.03615124151110649	-0.009920863434672356	0.06854823976755142	0.05265628919005394
	-0.026454459875822067	0.011925426311790943	0.05888829752802849	0.02786063589155674	0.06982839852571487
	-0.08037173002958298	-0.024754958227276802	0.04366655647754669	0.009056147187948227	-0.06023372337222099
	0.006734807975590229	-0.03019263967871666	0.012284069322049618	0.06750152260065079	-0.07784150540828705
	0.06836271286010742	-0.016691910102963448	-0.0811576247215271	-0.0012468991335481405	0.008932851254940033
	-0.019418641924858093	-0.01197824627161026	0.041437484323978424	0.03242882713675499	0.08059197664260864
	0.06686721742153168	0.07264222949743271	0.0925397127866745	0.08897082507610321	0.0961461141705513
	0.07839274406433105	0.05726330727338791	0.059322889894247055	-0.0730951651930809	-0.06498175859451294
	-0.044280048459768295	-0.07704023271799088	-0.08436503261327744	-0.07439988106489182	0.02163010649383068
	0.0362723246216774	0.03798086196184158	0.007355996873229742	0.010600400157272816	-0.0018742075189948082
	-0.006005399394780397	-0.04009309783577919	0.03458600118756294	-0.01852746121585369	-0.028328826650977135
	-0.00407147454097867	-0.01166587509214878	-0.008811973966658115	0.0174737386405468	0.03255581855773926
	0.028108011931180954	0.05721808224916458	0.013082277961075306	0.07288631796836853	0.06778156012296677
	0.06494805961847305	0.05523325130343437	0.04166528582572937	0.04304038733243942	0.04033055528998375
	0.03714660927653313	0.04928436130285263	0.028804698958992958	-0.002123031998053193	0.003146375296637416
	-0.01196423452347517	-0.018041636794805527	-0.056172240525484085	-0.03477650508284569	-0.03462466225028038
	-0.037293724715709686	-0.07148101925849915	0.022016549482941628	0.03195676952600479	0.004011969082057476
	-0.07003982365131378	-0.047939788550138474	-0.06160973012447357	-0.058557819575071335	-0.015459154732525349
	-0.022095924243330956	0.03219989314675331	-0.029240794479846954	0.047212887555360794	0.04797801002860069
	-0.028069930151104927	0.01271385233849287	-0.02860930562019348	-0.04856168106198311	-0.00664184708148241
	0.020605385303497314	-0.026029596105217934	-0.00439901789650321	0.016288207843899727	0.06549447774887085
	0.016826918348670006	0.04816977307200432	0.07696235179901123	0.014323492534458637	0.03717198595404625
	0.022648494690656662	0.017852110788226128	-0.000690655957441777	-0.014960314147174358	-0.03294864296913147
	-0.05696806311607361	0.07100322097539902	0.06441818177700043	-0.016026344150304794	0.02797996625304222
	0.0035130183678120375	0.020371118560433388	0.08588007837533951	-0.057071488350629807	0.09009931236505508
	-0.05079788342118263	-0.03125239536166191	-0.02394029125571251	0.06559677422046661	-0.09173247218132019
	-0.020827505737543106	0.048367101699113846	0.006635413505136967	-0.08096784353256226	0.027627207338809967
	-0.016427522525191307	-0.026094086468219757	0.022028518840670586	0.026018213480710983	-0.05190714821219444
	0.0647466778755188	0.08907100558280945	-0.05749349296092987	-0.046457525342702866	-0.13244876265525818
	0.22274821996688843	0.08099986612796783	0.12001786381006241	0.047126710414886475	-0.22279219329357147
	-0.1780007928609848	-0.03923841565847397	0.20259758830070496	-0.054970405995845795	-0.032661668956279755
	-0.1851424127817154	0.18979495763778687	-0.184475839138031	0.13090869784355164	0.23465189337730408
	-0.08017933368682861	0.1342243105173111	0.09459924697875977	-0.1984717845916748	0.09386478364467621
	-0.0327204205095768	0.10974391549825668	-0.25604650378227234	-0.09139954298734665	0.10796155780553818
	0.13855794072151184	-0.013658733107149601	0.15145912766456604	-0.16667860746383667	-0.2180076390504837
	-0.14631964266300201	-0.13375604152679443	-0.10967156291007996	0.19270238280296326	-0.05173245817422867
	0.024764377623796463	0.0788445845246315	-0.12921355664730072	0.03720645606517792	0.07685669511556625
	0.0977281704545021	-0.11976488679647446	-2.112134825438261e-05	-0.05039336532354355	0.24534359574317932
	-0.11758818477392197	0.02341347001492977	-0.12243124842643738	0.20959624648094177	0.19148129224777222
	-0.12247984111309052	0.14146818220615387	-0.0947403833270073	-0.1608274281024933	-0.05133720859885216
	-0.18926411867141724	0.13707810640335083	-0.009697265923023224	0.0849941223859787	-0.010625572875142097
	-0.11172596365213394	0.07486042380332947	0.15233951807022095	-0.2570287883281708	-0.155840203166008
	0.11218132823705673	-0.1707003116607666	-0.27464014291763306	-0.1251341849565506	0.08408433943986893
	-0.0011084065772593021	0.25249725580215454	0.3119127154350281	-0.011288117617368698	4.0895247366279364e-05
	-0.23932963609695435	0.08686789870262146	0.0742921456694603	-0.04744427278637886	-0.1390732079744339
	0.054075755178928375	-0.03530028462409973	0.04345595836639404	0.09723448753356934	-0.029512614011764526
	0.11519106477499008	-0.13083615899085999	0.1000397652387619	-0.02877829782664776	-0.11767395585775375
	-0.1594797819852829	-0.22116287052631378	-0.26796823740005493	0.07977436482906342	0.010128320194780827
	0.025274893268942833	0.04847373068332672	-0.11929327994585037	0.024426380172371864	0.178654283285141
	-0.16762323677539825	-0.11127853393554688	0.10395430773496628	0.013590334914624691	0.1172713041305542
	0.09220971167087555	-0.017938366159796715	-0.12870588898658752	0.174547016620636	0.11868453025817871
	-0.24652594327926636	-0.215192973613739	0.061672065407037735	-0.19045652449131012	0.04409141466021538
	0.09938528388738632	-0.03153897821903229	0.08317144960165024	0.12069660425186157	-0.029674282297492027
	-0.2076154351234436	0.053458791226148605	-0.11990218609571457	-0.05094967409968376	-0.15168042480945587
	0.16903328895568848	-0.2593180239200592	-0.047335460782051086	-0.10127708315849304	-0.04034118726849556
	0.056605540215969086	0.042593225836753845	-0.13395991921424866	0.20922526717185974	-0.030419722199440002
	-0.1394852250814438	0.015766926109790802	0.0021618090104311705	-0.044722311198711395	-0.018145903944969177
	-0.002752450294792652	0.01634959690272808	-0.04577040672302246	0.27328869700431824	0.10466073453426361
	0.2006579041481018	-0.08088405430316925	-0.2749723196029663	0.06945335865020752	0.13167960941791534
	-0.14381706714630127	-0.19769833981990814	-0.2633160352706909	0.05233452469110489	-0.23508593440055847
	-0.08617721498012543	-0.11606437712907791	0.10239163041114807	-0.23472055792808533	-0.10584872961044312
	0.08042631298303604	-0.09547535330057144	-0.12711580097675323	-0.21485744416713715	-0.06157565861940384
	0.07257294654846191	0.030747558921575546	0.059601955115795135	-0.10941300541162491	-0.06169138848781586
	0.18777869641780853	0.18325267732143402	-0.07374665886163712	-0.00682065961882472	-0.023855913430452347
	-0.06827554851770401	-0.09147235006093979	-0.0010658667888492346	0.26842957735061646	0.0865742564201355
	0.18626581132411957	-0.07145348191261292	-0.06437762081623077	0.09387870877981186	0.03199561685323715
	-0.14181843400001526	-0.13211669027805328	-0.25252941250801086	0.24179354310035706	0.07781223952770233
	0.0956500843167305	-0.228907510638237	-0.15350738167762756	0.10487135499715805	-0.1318501979112625
	0.017851348966360092	0.06938915699720383	-0.09212485700845718	0.0423487052321434	-0.22653840482234955
	-0.24899330735206604	0.05034796521067619	-0.2675594985485077	-0.10897054523229599	-0.10899887979030609
	0.10708826035261154	-0.12863744795322418	-0.1389371156692505	-0.1511135846376419	0.1344892680644989
	-0.1348303109407425	-0.06382302939891815	-0.12783664464950562	-0.14758405089378357	0.188778817653656
	-0.07175867259502411	-0.22066006064414978	0.1843113750219345	0.0802992656826973	-0.10686329752206802
	0.17658786475658417	0.18063658475875854	-0.07428566366434097	-0.006980488076806068	0.14471685886383057
	0.017346620559692383	0.05994096398353577	0.08176585286855698	-0.23651450872421265	0.0446784682571888
	0.021496081724762917	0.015729473903775215	-0.11349375545978546	0.06666087359189987	-0.23418667912483215
	-0.20269441604614258	-0.21880604326725006	-0.192243754863739	0.15073129534721375	-0.013474334962666035
	-0.07784929126501083	-0.21126116812229156	-0.06765812635421753	-0.2302011400461197	-0.02681889757514
	0.044498950242996216	0.00318906269967556	0.31147801876068115	0.1133512631058693	-0.23764559626579285
	0.15607811510562897	0.01851118914783001	0.09166654199361801	-0.10893720388412476	0.04840162768959999
	-0.1753937005996704	0.13262420892715454	0.18460001051425934	0.21854965388774872	0.13300572335720062
	-0.2601044178009033	-0.09303239732980728	0.030310090631246567	0.0013984714169055223	-0.15489323437213898
	-0.042660608887672424	0.1603459119796753	0.0018368654418736696	-0.14565491676330566	0.18768765032291412
	-0.051095474511384964	-0.07794028520584106	0.2316119223833084	-0.02852862887084484	0.10901946574449539
	-0.1287628561258316	-0.1986994743347168	-0.0958794504404068	0.07725677639245987	-0.20597107708454132
	-0.24126501381397247	0.1920921355485916	-0.07990993559360504	-0.17656280100345612	-0.10121370106935501
	-0.06748887896537781	0.0445246584713459	0.03331455960869789	-0.013764419592916965	-0.19872434437274933
	-0.10722040385007858	0.0475744903087616	0.12300065904855728	0.12266194075345993	-0.02445526421070099
	-0.13360607624053955	-0.24029651284217834	-0.07265064865350723	0.10697102546691895	-0.0688047781586647
	-0.0828443318605423	-0.12904827296733856	0.2146211713552475	0.12800216674804688	-0.23310838639736176
	0.1374441534280777	-0.04104020819067955	0.1590600460767746	0.07955611497163773	-0.07435338944196701
	0.08132238686084747	-0.09404043108224869	-0.1475534588098526	-0.14849625527858734	-0.05172833800315857
	-0.10076304525136948	0.0256064273416996	-0.17917007207870483	-0.12126721441745758	-0.2001878321170807
	-0.2210823893547058	-0.0033160760067403316	-0.055538855493068695	-0.2491808980703354	-0.07042942196130753
	-0.10254160314798355	0.18824873864650726	-0.06414745002985	0.17083613574504852	0.2912323474884033
	-0.05652022361755371	0.030820360407233238	-0.006710181012749672	0.1909225881099701	0.25518685579299927
	0.05316278338432312	-0.18347550928592682	-0.1534954458475113	-0.057580020278692245	-0.01668514497578144
	-0.028330165892839432	-0.23246146738529205	0.043913133442401886	0.02559354156255722	0.026138048619031906
	0.08683895319700241	0.06871569901704788	0.18698357045650482	-0.20243947207927704	-0.02068653702735901
	0.1179087907075882	-0.0719233900308609	0.07635747641324997	0.04184884950518608	-0.2692260444164276
	-0.08979309350252151	0.19713206589221954	0.16585995256900787	-0.20745109021663666	-0.05837416276335716
	-0.17683984339237213	-0.2449253499507904	-0.2352239042520523	0.17584048211574554	0.1531379073858261
	-0.200033500790596	-0.22805547714233398	-0.02480059489607811	0.23816849291324615	-0.1758529096841812
	0.10195872187614441	0.1443675011396408	0.2585531771183014	-0.03443542495369911	0.02400343120098114
	0.14027291536331177	-0.12509222328662872	0.20278333127498627	0.022413257509469986	0.08573184162378311
	0.037977322936058044	0.037246376276016235	0.01567961648106575	-0.10463863611221313	0.06870637834072113
