2690	
	-5.83912509455331e-08	2.6414365805749185e-08	2.029613642662298e-05	-7.485992341571546e-07	-5.7705904055183055e-08
	-1.656404435834702e-07	-1.1918004361177736e-07	-0.00020622987358365208	-3.733105768333189e-05	-2.4189915848182864e-07
	2.3312608391279355e-05	3.87372710974887e-05	-9.910709195537493e-06	4.164640188264457e-07	7.767846000206191e-06
	-3.376540689714602e-06	-2.416945426375605e-05	7.0038940975791775e-06	-1.996804348891601e-05	-5.173887257114984e-05
	-2.0512468381639337e-06	1.624104697839357e-06	-1.0448396096762735e-05	1.1909330169146415e-05	-3.5177563972865755e-08
	-1.6843714547576383e-05	1.4721948105034244e-07	-5.349952516553458e-06	3.19497448799666e-05	3.480926898191683e-05
	4.969134579368983e-07	1.1890875839526416e-06	5.35826643499604e-07	3.4477074223104864e-05	9.810789924813434e-05
	2.6509500457905233e-05	4.570458986563608e-05	3.2399971132690553e-06	-4.3577794713201e-05	-3.563924110494554e-05
	-3.195599128957838e-05	-2.5557126718922518e-05	-3.793734867940657e-05	1.2633890946744941e-05	4.033291043015197e-05
	9.960782335838303e-05	6.615545316890348e-06	-1.9112039808533154e-05	-1.9227811208111234e-05	-4.541998714557849e-05
	-4.183057899354026e-05	-2.4928200218710117e-05	-1.1245565190165507e-07	-1.8036885762739985e-08	-1.9461765532469144e-07
	-5.448045214961894e-08	-6.461000623403379e-08	-3.6824133076152066e-08	-1.3373225726809324e-07	-1.5701226629971643e-07
	-2.1519888093735062e-08	-3.3691080147946195e-08	-2.5539058867707354e-08	-2.1740746092291374e-08	-2.6703936839567177e-08
	-3.971258877299988e-08	-2.6893474114331184e-09	-3.1729342708786135e-08	-1.2136673888107907e-08	-4.966739197698189e-08
	-2.3692415140885714e-08	2.667622425178706e-07	3.171656999256811e-07	1.474770215281751e-05	-3.456647164057358e-06
	-3.098945671808906e-05	-9.63297497946769e-05	-3.106174699496478e-05	3.4730803690763423e-06	-1.015590169117786e-05
	2.078585202980321e-05	3.0026238164282404e-05	4.697205076809041e-05	2.2135231120046228e-05	-2.790815597109031e-05
	-3.0513157980749384e-05	-2.552920523157809e-05	-2.607548822197714e-06	-1.4077022569836117e-05	2.580041837063618e-05
	4.7353922127513215e-05	3.588852996472269e-05	4.246668686391786e-05	4.527583769231569e-06	-1.1495409069084417e-07
	-3.5168646661531966e-08	2.0787849734915653e-06	1.417596422470524e-06	2.7781723588304885e-09	-6.509498007289949e-08
	-2.969478174463802e-08	-1.4653203095349454e-07	1.374633029627148e-08	-1.8288424996626418e-08	-2.6916104900465143e-08
	-3.808212056810589e-08	-1.4741857512490242e-08	-4.277426057797129e-08	-3.02120355399893e-08	-1.8134450385787204e-08
	-2.074078508940147e-08	-5.028445571042539e-08	-6.852806677670742e-08	-1.4389331681741169e-06	-1.908726517285686e-05
	-2.8170778023195453e-05	2.9017039196332917e-05	-4.640398401534185e-05	-2.8365737307467498e-05	-3.2766477033874253e-06
	2.9495631679310463e-06	1.977567808353342e-05	-1.668111144681461e-05	-5.6463468354195356e-05	-4.408992754179053e-05
	-4.469886698643677e-05	9.047685125551652e-06	-7.121328053472098e-06	9.594925359124318e-05	0.00010391280375188217
	3.1757641409058124e-05	1.3312235751072876e-05	6.400186975952238e-06	3.925683813577052e-06	2.469804257998476e-06
	-4.2558355062283226e-08	1.7302889432357915e-07	4.870155834169054e-08	4.8458094425996023e-08	-1.3331093384749693e-07
	-3.4730412323824567e-08	-2.0022916658035683e-08	-2.6102611627720762e-08	-3.448989360776977e-08	-6.124625429038133e-08
	-7.855859962546674e-09	-8.989702848793968e-08	-9.910681342262251e-08	-7.348289443598333e-08	-2.4859832592483144e-07
	-1.03902237924558e-07	-1.4063982689549448e-07	-1.0321480203856481e-07	-4.046518142786226e-08	-1.815214289990763e-08
	-1.2882026112492895e-08	-4.0953963775791635e-08	-2.699676429074316e-07	-1.2910409452615568e-07	0.0002203481417382136
	-1.0567377103143372e-05	1.941457776410971e-05	-0.00025852888938970864	-1.5762814655317925e-05	-7.734366226941347e-05
	-3.626121178967878e-05	-3.080367378061055e-06	3.7636185879819095e-05	-4.874397563980892e-05	3.44431318808347e-05
	-2.657188360899454e-06	7.860251207603142e-05	-1.2980033716303296e-05	2.2138450731290504e-05	1.916823021019809e-05
	2.6084684577654116e-05	7.096578883647453e-06	-2.1307268980308436e-05	-3.277376890764572e-05	-2.0215686618030304e-06
	-7.966643352119718e-06	0.00011586456093937159	0.0001155416393885389	2.2865563096274855e-06	0.00010622381523717195
	2.494791078788694e-05	-9.539991879137233e-05	-1.689201599219814e-05	0.00013896070595365018	4.26145015808288e-06
	-8.53816163726151e-05	-3.121267582173459e-05	1.4443130567087792e-05	3.1296294764615595e-05	7.31356703909114e-06
	1.9844732378260233e-05	-4.0033701225183904e-05	5.823167521157302e-05	2.3176595277618617e-05	9.01516032172367e-05
	0.00013350672088563442	6.284289702307433e-05	-6.177173054311424e-05	-1.5128196537261829e-05	6.0226106143090874e-05
	-0.00012418098049238324	-3.6499579891824396e-06	4.229079422657378e-05	5.676261935150251e-05	-1.298181086895056e-05
	3.324294448248111e-05	1.6606682038400322e-05	9.4693359642406e-06	3.081403576743469e-09	3.8755919376853853e-05
	1.161206546385074e-05	5.3453959480975755e-06	4.6085948270047083e-05	1.8587794329505414e-05	2.0200035578454845e-05
	5.187908755033277e-06	-9.663355740485713e-06	2.2069542637837003e-07	1.813151902751997e-05	2.7878271794179454e-05
	3.428577838349156e-05	-4.35230049333768e-06	1.6884801880223677e-05	-7.508117050747387e-06	-7.629486208315939e-05
	-1.960040390258655e-05	-6.828341611253563e-06	1.2977893675270025e-06	1.401679355694796e-06	1.0579782383501879e-06
	1.5961430790412123e-06	2.261816547388662e-07	2.3456563269519393e-07	-2.2678612765503203e-08	-9.914040788316925e-08
	-1.6377725842176005e-09	-1.3802122111883364e-08	-2.9329605411021475e-08	-2.946278243598499e-08	-1.5531531971646473e-07
	-5.932355406912393e-08	-8.626206238204759e-08	-5.5432465728699754e-08	-4.27026662919161e-08	-8.713443833130441e-08
	-1.1988983317223756e-07	-7.045653660497919e-08	-2.297021239883179e-07	-9.175236073133419e-07	1.5670420907554217e-05
	-4.6771233996878436e-08	7.490393727493938e-08	4.078190229961365e-08	2.3294141726637463e-08	1.5079557158514945e-08
	-8.743641899400245e-08	-8.272395746189432e-08	9.12058530957438e-05	2.7776910428656265e-05	-1.9514265659381635e-05
	-0.00011663393524941057	2.199516529799439e-05	-4.162893310422078e-05	-6.73557588015683e-06	0.00015415126108564436
	4.804262789548375e-05	5.192867683945224e-05	4.746926424559206e-05	-4.863260073761921e-06	-3.363169162184931e-05
	9.472305828239769e-05	-6.810419290559366e-05	2.59938269664417e-06	4.0450177039019763e-05	-9.698379290057346e-05
	-1.1906926374649629e-05	5.409617369878106e-05	5.689739191439003e-05	4.1127237636828795e-05	8.508958126185462e-05
	-6.779678369639441e-05	2.455234425724484e-05	-8.82047534105368e-05	-2.344020685995929e-05	-1.0578942237771116e-06
	1.036688900057925e-06	1.3669456166098826e-05	-7.264747182489373e-06	-1.4450584785663523e-05	-0.0001640167465666309
	-9.100481838686392e-05	5.009257802157663e-05	7.67979072406888e-05	7.130923768272623e-05	3.757189915631898e-05
	-1.1698421076289378e-05	-4.139163138461299e-05	-0.00010913584264926612	-9.572735143592581e-05	-1.3852392157787108e-06
	-7.214106153696775e-05	-5.436173523776233e-06	-5.8931884268531576e-05	1.8544533304520883e-05	3.478777944110334e-05
	7.588479638798162e-05	8.112424984574318e-05	3.7138503103051335e-05	0.00011039104720111936	5.225282802712172e-05
	1.874470581242349e-05	-0.0001270704815397039	-8.502326818415895e-05	-0.0001559254014864564	0.00013488806143868715
	2.480274451954756e-05	-0.0001974196347873658	6.366360139509197e-06	-1.1484701190056512e-07	1.0215577276539989e-05
	6.804511372138222e-07	-1.4771236465094262e-06	-3.5947709875472356e-06	1.4729417898706743e-06	8.205098112057385e-08
	2.267918171128258e-05	-2.7670324698192417e-08	-2.5050788110547728e-08	4.604229104643309e-07	-4.426928512657469e-08
	-2.3342735744336096e-08	-3.858939635392744e-06	9.313213922723662e-06	-1.9362685179658e-06	-1.1125861419714056e-05
	-6.219903525561676e-07	7.86879718361888e-06	1.60835224960465e-05	1.4740217011421919e-05	1.92569314094726e-06
	-3.341929186717607e-06	-7.188380550360307e-06	5.248353431852593e-07	5.3100120567251e-06	1.0409167771285865e-05
	-1.0634332284098491e-05	-7.1494350777356885e-06	4.187583897419245e-07	2.2991621335677337e-06	-6.475626435076265e-08
	-1.950510011283768e-07	-2.329876735984726e-08	-3.4471938192837115e-08	2.569960599885235e-08	-3.065047593509007e-08
	-5.4042743613536004e-08	-4.120937546758796e-08	6.0487018345156685e-06	-8.928338957048254e-08	-4.425061206347891e-08
	-3.0771929004913545e-08	-8.657174532800127e-08	-2.1065631017336273e-07	-9.681249935056258e-08	-3.433561346355418e-08
	3.2374635338783264e-05	4.4359203457133844e-06	-4.602657099894714e-06	-4.499885619679844e-08	-6.349822001538996e-08
	1.10085949245331e-08	-8.42008347490264e-08	-7.977126870173379e-08	6.551498699991498e-06	-5.162935678981739e-08
	-2.2751642973162234e-05	-1.6066144326032372e-07	-3.8782346223342756e-08	4.307230128119954e-08	1.7162284393634764e-06
	-1.1242065056649153e-08	-6.012758603901602e-05	2.136418697773479e-05	-1.0785020094772335e-05	5.221586980042048e-05
	4.4151022393634776e-07	-4.93686820846051e-05	-2.922676145544756e-08	-4.1053786844713613e-05	-1.268916207664006e-07
	-1.1069158745158347e-07	-4.939973052842106e-08	-1.5119921954465099e-05	-7.794133694005723e-08	1.3166137250664178e-05
	2.0910361854475923e-05	5.47584659216227e-06	-9.435784704692196e-07	0.00011261821782682091	9.151691483566537e-05
	1.8324683992432256e-09	-4.6331024350365624e-08	-8.843277328196564e-07	-4.3786553760583047e-07	-5.892775334359612e-06
	-3.133407517452724e-05	-3.266965723014437e-05	-2.3190174033516087e-05	-2.5982546503655612e-05	1.2240476280567236e-05
	4.14267233281862e-05	7.64707729103975e-05	-1.9437527953414246e-05	3.7132496800040826e-05	-2.107381442328915e-05
	2.9935681595816277e-05	5.6144628615584224e-05	1.0760853001556825e-05	7.195569924078882e-05	-1.0836422916327138e-05
	1.2418790902302135e-05	1.2243111086718272e-05	-1.917263261930202e-06	-7.179191925388295e-06	4.001128672825871e-07
	6.327585424514837e-07	1.054935455613304e-05	6.367408786900342e-07	-3.988511707575526e-06	1.3629245358970365e-06
	-8.301131310872734e-05	-6.14420605415944e-06	5.552077709580772e-06	2.4320777811226435e-05	1.2036113730573561e-05
	5.100971520732855e-07	5.899402140130405e-07	-3.549041866790503e-05	6.287800715654157e-07	-2.077783938148059e-05
	2.906533381974441e-06	2.1513389583560638e-05	-0.00014173607632983476	2.104626219079364e-06	1.3953406778455246e-05
	-9.147003584075719e-05	5.155010285307071e-07	4.2089432099601254e-05	8.786519174464047e-05	-8.035486825974658e-05
	4.794132837560028e-05	6.23852974968031e-05	-3.240504884161055e-05	5.5256576160900295e-05	1.7576403479324654e-05
	3.9710354030830786e-05	-7.689167250646278e-05	4.241911483404692e-06	-4.8339232307625934e-05	-1.5441135474247858e-05
	-2.516684435249772e-05	8.968471956904978e-05	-4.366448411019519e-05	1.6048088582465425e-05	7.504731911467388e-06
	4.1726831113919616e-05	-7.22118784324266e-05	-3.6259993066778407e-05	-0.0001057904664776288	-6.395874515874311e-05
	5.367767153074965e-05	6.406871398212388e-05	8.081716077867895e-05	-6.354555080179125e-05	-0.0001413951686117798
	2.2307476683636196e-05	1.07385767478263e-05	2.2972859369474463e-05	5.6811557442415506e-05	3.5539545706342324e-07
	1.1884872037626337e-05	3.533408380462788e-05	4.874782462138683e-06	4.517084380495362e-05	8.009075827430934e-05
	5.2855921239824966e-05	6.856529216747731e-05	-2.677548400242813e-05	-7.38533435651334e-06	6.57480486552231e-05
	6.614530138904229e-05	1.5223794434859883e-05	2.4359078452107497e-06	2.7701542421709746e-05	-2.637882062117569e-05
	1.810416142689064e-05	-8.816026820568368e-05	-3.2822004868648946e-05	-9.280992526328191e-05	-5.8400000852998346e-05
	-9.550453796691727e-06	-4.060169158037752e-05	-0.00012285921548027545	1.540803054922435e-06	-1.5824840374989435e-05
	-4.332056414568797e-05	2.8679742172244005e-05	1.9525259631336667e-05	4.048843038617633e-05	-2.6009460270870477e-05
	-3.342928903293796e-05	1.0263372132612858e-05	-4.9921782192541286e-05	1.4785481653234456e-05	-5.1535247621359304e-05
	5.101885835756548e-05	-0.00010537278285482898	-8.844838885124773e-05	-8.623147550679278e-06	-6.896573177073151e-05
	-4.015135709778406e-05	-1.7233625158041832e-06	-8.868822988006286e-06	-1.7486312572145835e-05	2.6586738385958597e-05
	-9.081816187972436e-07	2.2116606487543322e-05	-9.466850315220654e-05	1.926635559357237e-05	2.8656868380494416e-05
	4.2567462514853105e-06	-6.371048220898956e-05	0.00011051513865822926	-8.856064232531935e-05	-2.264968497911468e-05
	-5.729398617404513e-05	4.368176087155007e-05	1.8925104541267501e-06	-5.586080442299135e-05	1.723553577903658e-05
	0.00012226855324115604	-2.5535051463521086e-05	-3.522638508002274e-05	-5.876241993973963e-05	-1.4706338333780877e-05
	-0.00013466004747897387	2.5866744181257673e-05	3.390774145373143e-05	3.538383316481486e-05	4.118436845601536e-05
	0.00014479098899755627	8.509701729053631e-05	3.254100647609448e-06	-5.4394085964304395e-06	-1.5789737517479807e-05
	4.5436740037985146e-05	6.856539403088391e-05	2.2788952264818363e-05	-7.634121720911935e-05	-4.90336497023236e-05
	-1.4089267097006086e-05	-1.0255870620312635e-05	-1.55913603521185e-05	1.8517192074796185e-05	1.1431747225287836e-05
	-7.007936801528558e-05	-3.686807394842617e-05	-7.878339965827763e-05	9.96545422822237e-05	-5.9388039517216384e-06
	-1.4924557945050765e-06	9.161726484308019e-05	8.6705076682847e-06	4.779504706675652e-06	-1.399723350914428e-05
	6.144663302620756e-07	-3.284120850821637e-07	2.8492891601672454e-07	2.163831413781736e-05	-3.314537764254055e-07
	-8.642453508400649e-08	5.268884706310928e-05	2.1606203972623916e-06	-3.4058371056744363e-07	4.14253520375496e-10
	-4.00855952875645e-08	2.8888980097008243e-08	4.6810686882281516e-08	4.3938182869851516e-08	-3.087652800104479e-08
	5.915454437399603e-08	7.32179969986646e-08	-1.603603294597633e-08	-2.0166709191471455e-08	-4.89264806446954e-08
	-6.4602261318214e-08	6.53260272542866e-08	4.537401565585242e-08	3.739627985055449e-08	5.77901744236442e-08
	4.863134961397009e-08	-5.463476782097132e-09	-3.398369585738692e-09	-9.928150745963649e-09	3.120973346426581e-08
	2.4814141852402827e-09	1.3536322285290225e-08	2.6940792707819128e-08	-4.773852424477809e-08	-4.509544737629767e-09
	-5.442936412691779e-08	-6.891582415846642e-09	-0.00012904088362120092	-3.0518073401708534e-08	8.220482072829327e-10
	-5.9584976952464785e-09	-1.1232053509502293e-08	-4.730466685032297e-09	-9.503075659722526e-09	-3.165639554936206e-07
	-1.4572229645182233e-08	2.1390228539530654e-06	0.00012279087968636304	7.187572919065133e-05	0.0001674694212852046
	3.1964333402356715e-09	-1.6329283880622825e-07	-1.6827357285364997e-08	-2.1962279106446658e-08	-1.646567682200839e-08
	-3.368672025771957e-07	-1.1371525943104643e-08	-1.1574947222925402e-07	-4.538629946182482e-05	-5.9704216255340725e-05
	-1.7884254702948965e-05	-2.0044328266521916e-05	-1.269639778911369e-05	-0.00013981886149849743	-3.1343228329205886e-05
	4.074846947332844e-05	0.0002134987007593736	-2.0624135288471734e-08	-2.8192502213642e-05	1.8991006072610617e-05
	1.3257135833555367e-05	2.9119331657057046e-07	5.020244202569302e-07	-8.425337910011876e-06	-2.1880090628201287e-08
	-3.9641193438910705e-08	-2.356422191951424e-05	-5.178675564820878e-05	-1.4233010858788475e-07	-1.874890926956141e-07
	-5.10603713337332e-05	-1.0322054322386975e-07	-1.6457997276120295e-07	-2.6557628984846815e-08	-3.53179857484065e-05
	-4.155653732595965e-05	-1.1647145470305986e-08	-3.854472379316576e-05	7.170044409576803e-05	-2.3601721466093295e-08
	7.3355786298634484e-06	-1.1716878134393482e-08	-2.2105041352915578e-08	-7.94833613326773e-05	-6.884293543407694e-05
	-2.860884887923021e-05	3.2292418836732395e-06	-7.559514415333979e-06	-2.476503505022265e-05	4.2272062273696065e-05
	-2.732585357989592e-08	1.218722991325194e-05	1.9898232494597323e-05	-3.1319974368670955e-05	1.1320262274239212e-05
	-2.5845261575341283e-07	-2.398582665819049e-08	-2.3063584819738026e-08	6.604200279980432e-06	-0.00011290785914752632
	2.20076362893451e-05	1.2190464076411445e-05	1.8123029803973623e-05	8.3261686086189e-05	1.569095729792025e-05
	5.9384992709965445e-06	-2.0057413507856836e-08	0.00013010062684770674	-3.147789175272919e-05	1.2800069271179382e-05
	-6.178222065500449e-06	-3.728453975782031e-06	-9.902127203531563e-05	-1.0641939240940701e-07	0.00010456245217937976
	7.614328933414072e-05	-2.9946079393994296e-08	-6.861270776425954e-06	4.110080408281647e-05	-5.573970702243969e-05
	7.401823677355424e-05	4.357779835117981e-05	-6.376553756126668e-06	-2.657598815858364e-05	-8.581497968407348e-05
	-0.00010541645315242931	-2.9859351343475282e-05	-2.475761675668764e-06	-5.888806117582135e-05	-1.3879821381124202e-05
	-6.105705688241869e-05	-1.7098753232858144e-05	-8.23569280328229e-06	-5.205225761528709e-08	-1.108616487499603e-07
	-2.031082840403542e-05	-0.00016534683527424932	0.00014251910033635795	1.3211700206738897e-05	0.00011797431216109544
	9.09764421521686e-05	-4.031207208754495e-05	4.8359383072238415e-05	8.654915291117504e-05	-1.0640274922479875e-05
	-5.481360858539119e-06	1.265170158148976e-05	-7.008057764323894e-06	-4.905687092104927e-06	4.280084976926446e-05
	-9.014553506858647e-05	7.54777283873409e-05	9.699079964775592e-05	0.00015916320262476802	0.00015007975162006915
	8.175608854799066e-06	0.00014013882901053876	-2.325603418285027e-05	-1.0435956028231885e-05	0.00012279886868782341
	0.0001189519462059252	-3.0858445825288072e-06	0.000123557576444	-7.140120601434319e-07	9.879774006549269e-05
	3.2056505006039515e-06	2.7799962481367402e-05	4.912209988106042e-06	8.079160579654854e-06	2.1276720872265287e-05
	5.805679757031612e-05	-3.0123472242848948e-05	0.00013077075709588826	8.060335676418617e-05	-7.810656097717583e-05
	-3.109454337391071e-05	-0.00017918132652994245	-2.4763761757640168e-05	-1.0146964086743537e-05	6.449354987125844e-05
	1.9460689145489596e-05	1.3601294995169155e-05	3.16385630867444e-05	-1.0230937732558232e-05	-1.0956207916024141e-05
	8.866091957315803e-05	0.00015186866221483797	-1.8869366613216698e-05	-0.0001295672554988414	-7.599830132676288e-05
	-7.515133620472625e-05	-1.7433997356874897e-08	-1.4772494068893138e-05	2.7380540501553696e-08	-3.858295167447068e-05
	3.386956450412981e-05	-1.4647394891653676e-05	-1.5934672774164937e-05	-1.4890032616676763e-05	2.4826602384564467e-05
	-5.917055204918142e-06	-5.089552814752096e-07	1.8498781173548196e-07	-7.134460247470997e-06	-3.4945522202178836e-05
	-2.030116411333438e-05	-4.276651452528313e-06	7.2518032538937405e-06	-1.53563596541062e-05	-6.244071846595034e-05
	3.51391572621651e-05	-5.549297384277452e-06	0.00013424739881884307	0.0001342122704954818	1.2505854101618752e-05
	-3.8833550206618384e-05	9.755895007401705e-07	-5.492870513990056e-06	-1.6309153579641134e-05	9.213991688739043e-06
	2.8662714612437412e-05	6.896420018165372e-06	1.6782052625785582e-05	9.833906005951576e-06	4.1390947558284097e-07
	6.8080980781815015e-06	5.448706360766664e-05	-1.8054140582535183e-06	7.976655979291536e-06	-3.4458685149729718e-06
	0.00015101474127732217	-6.58652152196737e-06	1.3324064639164135e-05	-2.719584335864056e-05	-1.0279656635248102e-05
	1.9659012195916148e-09	-1.346608513586034e-08	-5.8678378991317004e-05	6.638980266870931e-05	-1.4255188034439925e-05
	7.623953024449293e-07	-2.6942199838231318e-05	-3.549747634679079e-05	-5.004945705877617e-06	-2.951657006633468e-05
	-3.938158261007629e-05	-1.4968202776799444e-05	-7.687831384828314e-07	4.858097781834658e-06	-1.8058652813124354e-06
	-5.425493327493314e-06	-6.284612027229741e-06	-9.913025678542908e-06	1.9611183233791962e-05	2.235507963632699e-06
	2.284911897731945e-05	2.6080404495587572e-05	-4.509063728619367e-05	-3.983093120041303e-05	9.191766366711818e-06
	7.018687028903514e-06	3.690541416290216e-05	1.745081135595683e-05	-4.2930605559377e-07	-8.665056157042272e-07
	-3.376158019818831e-08	-4.8342400305045885e-08	-3.235835066561776e-08	7.045705569908023e-05	4.606438960763626e-05
	4.2720903365989216e-06	0.00015964239719323814	5.596054464263034e-08	-4.538257769581833e-09	-1.620385603473551e-07
	-1.3889938088595954e-08	-1.4967243089358817e-07	1.3855385077476967e-05	-6.393847434083e-05	-2.8249544925529335e-08
	-8.740049679545336e-07	3.480447776382789e-05	-0.00010524310346227139	-3.2940315577434376e-05	-4.759087346428714e-07
	-7.839917088858783e-05	-3.188179391599988e-07	-2.527566539356485e-05	-3.1462303013540804e-05	9.713532563182525e-06
	-1.0666363436939719e-07	2.015532118093688e-05	-0.00010757420386653394	7.294549504877068e-06	0.00012979216990061104
	-6.71356319799088e-05	-8.67867493070662e-06	-3.3654032449703664e-05	1.9342287771451083e-08	-1.1672759114844666e-07
	7.815821300027892e-05	-4.29263593559881e-08	-9.998538530453516e-08	-6.81344971553699e-08	-4.152806809543108e-08
	-1.9096401615570358e-07	1.3686019428860163e-08	-8.421930886015616e-08	-1.2957526962509291e-07	-1.1992666770765936e-07
	-5.4405234095611377e-08	-7.95202907966086e-08	2.483329097913156e-08	-7.263071211127681e-08	-1.4581081813958008e-05
	9.362182140648656e-10	-3.980420615334879e-08	2.01390335519136e-08	-2.7313639350268204e-08	-2.4022533295919857e-08
	2.2857591375213815e-09	7.188148742898193e-09	-5.202906550039188e-08	-6.102389704665256e-08	-5.23070013969118e-08
	-1.7918864614330232e-08	-1.0665303307177965e-07	-3.741413934221782e-08	-1.7348122582916403e-07	-1.4852263063858118e-07
	-6.142093411654059e-08	-3.5488739058564533e-08	1.977934260821712e-08	9.266380220651627e-05	-3.370546863834534e-08
	-6.434581223402347e-08	1.3344953003979754e-05	-3.5630578167911153e-06	2.8730507750651668e-08	-2.584424123597273e-07
	4.695226016337983e-05	-4.182962243248767e-08	-2.0456973004456813e-08	0.0001711463410174474	-5.655363929690793e-05
	1.1648180588963442e-05	5.775568752142135e-07	2.746089649008354e-07	2.5873048798530363e-05	-2.162129248972633e-07
	5.476984006236307e-05	4.648579306376632e-06	-3.120805922662839e-05	-1.9490568092805916e-07	-7.525920864281943e-07
	-2.551744728407357e-05	-3.470120191195747e-06	8.248275662481319e-08	-1.888850783871021e-05	-5.331158172339201e-05
	-4.355598548499984e-09	-1.6483141962453374e-08	-2.656068500073161e-05	-5.1220737873336475e-08	-2.84271436612471e-07
	-3.510189344524406e-05	3.4577174119476695e-06	3.792946881731041e-05	-5.051570406067185e-05	5.696936113963602e-07
	-2.6132696007152845e-09	1.2115799563616747e-06	-2.4855735318851657e-05	3.0078788768150844e-05	1.643373070692178e-05
	-3.148889300064184e-05	-2.7032079742639326e-05	-2.929633774328977e-05	2.7080803192802705e-05	-0.00012105913629056886
	2.758214122877689e-06	1.0607501280901488e-05	-1.5386260201921687e-05	5.347500291463803e-07	7.366932550212368e-06
	-4.01987989562258e-08	-2.8012911570840515e-05	7.514486810578092e-07	-2.2473791716492997e-08	-2.4932765882113017e-05
	-7.006089219885325e-08	1.593442721059546e-05	-8.493032510159537e-06	-5.49586329725571e-05	-2.3043170585879125e-05
	-5.721591514884494e-05	-1.853583671618253e-05	-6.46308035356924e-05	3.489001983325579e-06	-1.5204982162231317e-08
	3.737364906442053e-08	-1.609571700100787e-05	1.1674067536660004e-05	1.466338198952144e-05	-2.40346963664706e-07
	-5.897499249840621e-06	-1.2128438697800448e-08	5.722797169482874e-08	-2.322327964066062e-05	7.83677114668535e-06
	-3.290608583483845e-05	6.8586768975364976e-06	-4.461745447770227e-06	7.73936917539686e-05	6.886495975777507e-05
	-1.1854049262183253e-05	7.446245581377298e-05	4.204934521112591e-05	5.715594852517825e-06	-7.350523810600862e-05
	-1.4372838450071868e-05	1.1303674000373576e-05	1.18105717774597e-05	-4.46987287432421e-05	9.559687168803066e-05
	-6.610142736462876e-05	-2.7077817321696784e-08	3.927223588107154e-05	-3.487039066385478e-05	-2.0622201191144995e-05
	-3.809158079093322e-05	1.3184726412873715e-05	2.02913251996506e-05	-3.71562346117571e-05	-4.597322913468815e-06
	-6.502998439827934e-05	-1.3265358575154096e-05	6.617094186367467e-05	-2.0427116851351457e-06	-5.305947706801817e-05
	4.4269389036344364e-05	0.00013888195098843426	-8.568452904000878e-05	4.3083946366095915e-06	-3.862255471176468e-05
	-4.485874524107203e-05	5.04005129187135e-06	-6.0547710745595396e-05	-2.801697746690479e-06	5.9925499954260886e-05
	5.348872491595102e-07	-7.166373450218089e-08	6.074694283597637e-06	-3.0164877898641862e-05	-6.323307388811372e-08
	-4.9497451982460916e-05	-6.482044409494847e-05	1.365060052194167e-05	-1.6411322576459497e-05	8.135162352118641e-05
	6.90933177338593e-08	-2.9581517082988285e-05	-2.0367097022244707e-05	-0.00010791843669721857	-6.293885235209018e-05
	1.9101371435681358e-05	5.652937034028582e-06	-1.867898208729457e-05	-3.9827387809054926e-05	-5.825830885441974e-05
	0.00016273735673166811	-2.7711967049981467e-05	6.389584996213671e-06	-2.925673214804192e-08	2.650977512530517e-05
	1.4371373254107311e-05	3.165183443343267e-05	-4.022890607302543e-06	-6.404062878573313e-05	2.466778823873028e-05
	-1.4428235772356857e-05	-8.572740625822917e-06	-3.341650517540984e-05	4.3878255382878706e-05	-2.986760705425695e-08
	8.979544509202242e-05	-2.2672073100693524e-05	-1.4051095149625326e-06	-1.0868551726161968e-05	1.2277077985345386e-05
	-1.9268448170350894e-08	-3.064697375521064e-05	1.7713799024932086e-05	-9.275032425648533e-06	-1.2421607209489594e-07
	-1.921901287005312e-07	-3.146993776681484e-08	2.1881534848944284e-05	-3.7883513869019225e-05	-3.718764446603018e-06
	-2.9917259780631866e-08	4.004721631645225e-06	9.373216016683728e-07	-5.0157467512690346e-08	-2.2271309717325494e-05
	3.498246951494366e-05	4.9637328629614785e-06	-8.389227878069505e-05	-1.8729431758401915e-05	-1.5595269076129625e-08
	6.459949509007856e-05	-7.510020338941104e-08	7.430598998325877e-06	-3.348745991615942e-08	-0.00016053846047725528
	1.4783236110815778e-06	-3.4372049412922934e-05	7.255517994053662e-05	-1.3033045433985535e-05	-1.2959786545252427e-05
	-5.5816915846662596e-05	-8.613718091510236e-05	-2.0258183212717995e-05	-5.456264773329167e-08	0.00010086588736157864
	2.614119694044348e-06	2.7951602532994002e-05	-9.895323955788626e-07	1.375671763526043e-05	-2.1455016963045637e-07
	-3.681071393657476e-05	-4.77433241030667e-05	-3.2442745578009635e-05	-4.196328973193886e-07	-5.0332658929619356e-08
	2.733732458182203e-07	3.873512468999252e-05	5.4529340559383854e-05	-1.0119614671566524e-05	-1.3067260624666233e-05
	-1.707223418634385e-05	-2.3950415197759867e-05	-7.987688150024042e-05	-7.942767865642963e-08	-8.796398469712585e-05
	-2.805311123665888e-05	2.9287832148838788e-05	4.825308678846341e-06	2.007819239224773e-05	-8.010424062376842e-05
	-1.0595464061680104e-07	4.159895070188213e-06	1.5948584405123256e-05	-2.9337343221413903e-05	1.525884545117151e-05
	3.3198784876731224e-06	8.455738134216517e-05	-4.9209520511794835e-06	-1.4286761995663255e-08	-1.6513570244569564e-07
	-1.1885320418514311e-05	-1.5537330000370275e-07	-1.3270863519210252e-07	8.400269848607422e-07	2.023808747253497e-06
	-1.250622790394118e-05	1.8669077689992264e-05	-7.4825939009315334e-06	-5.2739451348315924e-06	-5.88031343795592e-06
	2.839649278030265e-05	7.61371757107554e-06	3.3078581509471405e-06	3.1698084512754576e-07	2.7220059450883127e-07
	-3.129917558908346e-06	-1.959763949344051e-06	9.800442057894543e-07	-6.417217264242936e-07	1.981042805709876e-05
	3.0403152777580544e-06	8.498485044583504e-07	6.410031971881835e-08	-1.4537101833411725e-07	-1.0996454591349902e-07
	-4.691652577548666e-08	-9.281571067276673e-08	-3.898909994859423e-08	-1.0564380659161543e-07	-3.807241455433541e-08
	-1.045384721010123e-07	3.369712203493691e-06	-8.731312561849336e-09	4.878074477687733e-08	-6.895649562466133e-08
	-1.0924850357696414e-07	-6.120680495769193e-08	-1.3142496300133644e-06	-5.016770955990069e-06	8.940538691604161e-07
	-4.399693409595784e-08	-1.1774558288379922e-06	1.3662315723195206e-09	-2.0468696959596855e-08	-1.1155961487929744e-07
	3.1940564895194257e-06	-6.386868278696056e-08	1.5916290067252703e-05	1.386477777032269e-08	4.076360227145415e-08
	-5.351937204522983e-08	2.1981333702569827e-05	-7.263969337145681e-08	-1.252292577191838e-06	4.377923517040472e-07
	1.3521768096325104e-06	-2.7645360205497127e-06	2.4808958443145457e-08	4.488006197789218e-06	-5.447174089567852e-08
	6.767516424588393e-06	-1.2723120335067506e-07	-1.4798708036778407e-07	-4.4463263293437194e-08	-4.7532837925245985e-05
	-1.6778028566477587e-07	-6.366946081470815e-08	-4.985596206097398e-06	-1.2331405514487415e-06	-2.6628349587554112e-05
	2.6042151148431003e-05	5.250866161077283e-05	-3.530507797222526e-08	4.77167532153544e-07	-1.1913587627532252e-07
	1.1674093912006356e-05	-2.8160211513750255e-05	-7.973543688422069e-06	1.2918474567413796e-05	-4.1823575884336606e-05
	-5.569014319917187e-06	-6.515907443827018e-06	-0.00012051393423462287	-0.0001527876447653398	6.573015525646042e-06
	-5.1291372074047104e-05	8.358524792129174e-05	-1.2799358046322595e-05	4.566875577438623e-05	-1.529766268504318e-05
	9.90104308584705e-06	2.2098427507444285e-05	1.269927338398702e-06	6.46109037916176e-06	3.1956062684912467e-06
	2.9056016046524746e-06	9.229847819369752e-06	5.344468263501767e-07	3.124041177215986e-05	2.4412470338575076e-06
	3.348818609083537e-06	-2.4987684810184874e-06	0.00010763914906419814	-2.9153738978493493e-06	-1.1631405868683942e-05
	8.241830073529854e-05	-2.1832653146702796e-05	1.076214357453864e-05	1.4258945384426625e-06	-1.133257319452241e-05
	2.067606146738399e-06	1.5323843399528414e-05	2.9778335374430753e-05	-4.199063914711587e-05	0.00011607552733039483
	-1.2245680409250781e-05	-6.492821739811916e-06	9.783051791600883e-05	1.1342007383063901e-05	-1.2812914974347223e-05
	1.0283663868904114e-05	3.7296633763617137e-06	-1.1057114534196444e-05	9.067026439879555e-06	2.2913462089491077e-05
	-3.374686275492422e-05	-2.3442604287993163e-05	-0.00010154929623240605	0.0001291259250137955	-1.0249621482216753e-05
	1.7963733625947498e-05	-2.5122488295892254e-05	2.8617743737413548e-05	-3.6556470149662346e-05	2.271917401230894e-05
	-3.5053137253271416e-05	-6.904646738803422e-07	0.0001165224239230156	6.942773325135931e-05	3.1071333069121465e-05
	-2.7293590392218903e-05	7.507822010666132e-05	-0.00012633998994715512	-2.831645542755723e-05	5.944013173575513e-05
	9.103907359531149e-05	0.0001299142459174618	-5.109088306198828e-05	-1.0960319741570856e-05	-1.9598899598349817e-05
	3.0652343411929905e-05	-1.8419365005684085e-05	-4.301864464650862e-06	-3.1074399885255843e-05	-5.404413241194561e-05
	-4.4038108171662316e-05	-7.884361548349261e-05	-2.334157397854142e-05	-4.936801269650459e-05	5.982428410788998e-05
	-3.4169202990597114e-05	-6.935757483006455e-06	-3.0042639991734177e-05	-2.2164680558489636e-05	-3.766486543099745e-06
	-7.03486439306289e-05	-5.5189790145959705e-05	-3.757921149372123e-05	2.120285171258729e-05	6.083188964112196e-06
	7.435937004629523e-05	1.84338387043681e-05	-1.0807513717736583e-05	3.9656017179368064e-05	9.333359776064754e-05
	4.1969897779381427e-07	0.00011145364987896755	3.49212386936415e-05	2.016644793911837e-05	-5.721812158299144e-06
	3.430869401199743e-05	6.359953113133088e-05	1.2262373275007121e-05	-6.537824447150342e-06	5.820370279252529e-05
	8.513037028023973e-05	6.722281977999955e-05	1.1874635674757883e-05	0.00010155716154258698	7.036168972263113e-05
	-1.1562347026483621e-05	4.712761437986046e-06	2.0142673747614026e-05	2.5627876311773434e-05	3.02148619084619e-05
	-7.02261422702577e-06	-6.908545037731528e-05	3.6178047594148666e-05	-5.687069642590359e-05	-4.3665579141816124e-05
	4.389121022541076e-05	-7.224878208944574e-05	-4.979091499990318e-06	-2.1034629753557965e-05	-9.481002780376002e-05
	9.380709525430575e-05	5.93553195358254e-05	3.834190465568099e-06	-7.386150537058711e-05	-2.262060547764122e-07
	3.223749445169233e-05	-3.240232035750523e-05	-4.755098416353576e-05	7.225800072774291e-05	1.1362257282598875e-05
	5.699677058146335e-05	-1.7495278370915912e-05	9.497346763964742e-05	1.8418575564282946e-05	-3.452043529250659e-05
	-3.777473102672957e-05	4.56338057119865e-05	-7.017134339548647e-05	-4.726218685391359e-05	6.678087083855644e-05
	2.09232257475378e-05	7.919324707472697e-05	-0.00010830883547896519	-6.102106999605894e-05	-6.140473851701245e-05
	8.159100252669305e-05	2.820423833327368e-05	3.6595647543435916e-05	1.368998800899135e-05	-3.867794657708146e-05
	-0.0001453614968340844	-7.102115887391847e-06	2.4691074941074476e-05	-3.928963269572705e-05	4.188468665233813e-05
	-4.8497120587853715e-05	-2.591832344478462e-05	-4.663525942305569e-06	-9.623784717405215e-05	3.10402647301089e-05
	5.102879185869824e-06	4.060114406456705e-06	-2.469338937771681e-07	2.2718231775797904e-05	-1.1948390010729781e-07
	3.0198638341971673e-05	-3.094700105066295e-07	-3.42743078363128e-07	-1.7055324974535324e-07	-1.2782085434537294e-07
	-1.9674445184136857e-08	-1.1688506162954582e-08	1.8519372702030523e-09	1.3543584032049694e-08	4.0354194652536535e-08
	6.633207050299461e-08	-1.2194048792935064e-07	-9.155306202046631e-08	7.779694044529606e-08	3.127882308717744e-08
	-1.3161138667783234e-07	-1.9577946375193278e-08	-9.027986891396722e-08	-2.4297669654060883e-08	2.5658152935648104e-08
	-2.9556623815096827e-08	-3.88005219065235e-07	1.3439492363431782e-07	-1.996902199152828e-09	-7.2603825174155645e-09
	1.0042974452062481e-08	5.611887843315344e-09	1.1741526861897e-08	-5.465281560645963e-09	2.815866650962562e-09
	1.768263757639943e-08	4.206320625144144e-09	-6.461355894771259e-08	-2.372151186591509e-08	8.129300113068894e-05
	-8.16493894717496e-09	-9.660126920607581e-09	-3.2614124734209327e-08	-2.8742803692693997e-08	-2.620527084218338e-08
	1.1487010453947732e-08	-1.8007469293479517e-08	-8.330163109349087e-05	-5.589919601334259e-05	-8.518857066519558e-05
	4.727067062049173e-05	-4.828349631225137e-08	-4.6869871539456653e-08	-2.0255676247415977e-08	-2.102661085245927e-07
	-2.380666330736858e-08	-3.131484049845312e-08	-2.1137040562280163e-08	-1.1069616334680177e-08	-2.822849012318329e-07
	-2.725696646166398e-08	8.611950761405751e-05	-4.549915684037842e-05	-1.146312843047781e-05	9.882282029138878e-06
	4.788919250131585e-05	9.959622548194602e-05	1.4261569049267564e-05	1.0359786756453104e-05	-2.4914077584980987e-05
	-9.124983625952154e-05	-0.0002169688232243061	-5.2105555369053036e-05	1.6959235438207543e-07	-2.646888219715038e-07
	-1.2052448994381848e-07	2.519025656511076e-06	5.077817490928282e-07	4.64735592231591e-07	1.7058873709174804e-05
	2.964939312732895e-06	-4.573976752908493e-10	-1.6734409769014746e-07	6.592435966013e-05	-2.5728293621796183e-05
	-1.128410076489672e-05	8.649040864838753e-06	1.1257181540713646e-05	4.547997014014982e-05	-7.716189429629594e-06
	2.8417438443284482e-05	1.4914845451130532e-05	1.0362327884649858e-05	3.3738031106622657e-06	-4.850792834076856e-08
	-6.346465397655265e-08	-3.499145861951547e-09	-2.4607272280263714e-05	1.818325290514622e-05	7.640583498869091e-05
	-1.527644997167954e-07	-1.7657850548857823e-05	1.05349708974245e-05	-4.203898242849391e-06	6.264371222641785e-06
	1.3263454093248583e-05	6.449811735365074e-06	-2.3015928718450596e-08	-2.6637806627149985e-08	-1.3736589608015493e-05
	1.3176627362554427e-05	-1.0495599781279452e-05	-2.4961416045243823e-08	-9.104108755764173e-08	-2.871794094971847e-06
	1.0506270882615354e-05	9.546348883304745e-05	-0.00014473310147877783	-1.6669551428094564e-07	-4.4816108129452914e-05
	3.326157820993103e-05	-2.7134565243613906e-05	2.628554284456186e-05	-3.0354505724972114e-05	5.0169088353868574e-05
	3.6727793485624716e-05	1.73119296960067e-05	4.772868851432577e-05	-1.3527916564726183e-08	-1.5583227650495246e-06
	1.903185147966724e-05	0.00010422484047012404	-9.125628821493592e-06	-6.995245712460019e-06	-8.378898201044649e-05
	3.092836413998157e-05	0.00012211872672196478	0.00010620646207826212	3.026837839570362e-05	-1.6412772652074636e-07
	5.006037463317625e-05	3.161413405905478e-05	-0.0002234094135928899	-0.00020888802828267217	-0.00016636143845971674
	2.8497153834905475e-05	0.00010404952627141029	6.176340684760362e-05	-2.6251684175804257e-05	-0.00014061166439205408
	3.0433542633545585e-05	-1.672160578891635e-05	-2.8859376470791176e-05	-7.914646630524658e-06	-4.25404232373694e-06
	-4.879287735093385e-05	0.00011296966840745881	2.1853504676982993e-06	-0.00013315216347109526	-8.620587323093787e-05
	1.2052068086632062e-05	-6.620555359404534e-05	-3.5984834539704025e-05	-1.0006269803852774e-05	-4.469935447559692e-05
	-4.5210741518530995e-05	3.707612995640375e-05	7.326579179789405e-06	4.002229979960248e-05	0.00011763283691834658
	-2.7189844331587665e-05	3.2966800063150004e-05	2.478582700859988e-06	-4.0963583160191774e-05	1.1004090993083082e-05
	-5.658185182255693e-05	-2.610820229165256e-05	-0.00011173071106895804	-1.9524264644132927e-05	7.637577073182911e-05
	4.73702275485266e-05	1.1485814866318833e-05	8.470631291856989e-05	5.844966653967276e-05	-8.91314193722792e-05
	-6.803626456530765e-05	-3.051946987397969e-05	-2.104612804032513e-06	-6.180139462230727e-05	-7.940355135360733e-05
	-0.0001595488138264045	-2.997236606461229e-06	1.1252042895648628e-05	2.5883397029247135e-05	2.3359552869806066e-05
	6.165793456602842e-05	9.764925925992429e-05	1.0006249794969335e-05	-1.0459587429068051e-05	8.400075603276491e-05
	1.5388239262392744e-05	4.733858986583073e-06	1.644987969484646e-05	-7.187452865764499e-06	5.390740625443868e-06
	-1.2534872439573519e-05	-1.3875359400117304e-05	-7.441590241796803e-06	-3.211806188119226e-06	1.4518815078190528e-05
	-1.1173984603374265e-05	-6.6290240283706225e-06	-2.6221165171591565e-05	9.577481250744313e-06	4.398142846184783e-05
	-1.0407728041172959e-05	-8.84265682543628e-06	-7.342628668993711e-05	3.669576108222827e-05	-2.8950985324627254e-06
	-7.920733332866803e-05	-0.00019049069669563323	5.9264250012347475e-05	5.3143718105275184e-05	-1.5202913346001878e-06
	4.756268936034758e-06	1.9056509700021707e-05	-5.118850094731897e-05	-4.810915925190784e-06	-7.115217158570886e-05
	-3.45843591276207e-06	2.220432634203462e-06	-5.29849057784304e-05	-1.882884680526331e-05	7.838539022486657e-05
	1.1750771591323428e-05	-2.023609704338014e-05	5.746423994423822e-07	2.589772748251562e-06	2.7456948373583145e-05
	2.2655790417047683e-06	7.829570677131414e-06	8.839629117574077e-06	-2.187753125326708e-05	1.6676101949997246e-05
	5.464643209052156e-07	5.421790774562396e-06	-1.3237904283869284e-07	2.2091210212238366e-06	-1.4987192116677761e-05
	1.0454560651851352e-05	-9.875380158064218e-08	3.3601554605411366e-06	-6.090818715165369e-06	-3.353922238602536e-06
	-9.659622264734935e-06	-3.6237539461581036e-05	4.408838321978692e-06	-9.842765393841546e-07	-2.6044926926260814e-06
	6.932972610229626e-06	-2.2173445302087202e-08	-1.7360086701501132e-08	-4.100226760783698e-06	2.3938860977068543e-05
	-7.629831816302612e-05	-0.00015262977103702724	2.928089770648512e-09	-2.8097215363231953e-06	-5.78097296966007e-06
	-5.070832571618666e-07	-7.780668909163069e-08	4.6008855861146e-05	2.8127817131462507e-05	0.00010005553485825658
	-7.074099528381339e-08	-1.29362649659015e-06	0.00018473838281352073	-2.339066611511953e-07	1.305411660723621e-05
	-3.432659286772832e-05	5.672547445101372e-07	1.7233137441508006e-06	-7.988278127868398e-08	1.1477553130134766e-08
	-1.012235770758707e-05	3.788624599110335e-05	-4.9629761633696035e-08	-3.65408254765498e-08	-1.0667299648048356e-05
	-1.6992386008496396e-05	-7.543620449723676e-05	-6.865318573545665e-05	8.193233225028962e-05	2.2281456040218472e-05
	-7.212562923086807e-05	-3.337494854349643e-05	-8.392018457925587e-08	-3.521883940038606e-08	-5.9221974879619665e-08
	-3.916041180218599e-08	-1.1687106393765134e-08	-1.3873027171484864e-08	-3.754004751499451e-08	-9.8290158234704e-09
	-9.760263708358252e-08	-2.1130361460564018e-08	-1.003480321060124e-07	-8.151814836310223e-05	-2.5637270084644115e-08
	1.378797969664447e-05	1.4420971638173796e-05	-2.0027613345519057e-08	-5.319691354088718e-09	-2.1379015890943265e-08
	-2.1032207087046118e-08	-7.222692488539906e-08	1.607963184824257e-08	-8.374102833386132e-08	-1.2219474854191503e-07
	-4.3517019321370753e-08	-1.531547866306937e-08	-4.206384573990363e-09	-1.1753891726584698e-07	-1.2928842352266656e-07
	-1.4313879148630804e-07	-5.604721309282468e-08	-3.055237840499103e-08	1.6110696776650002e-08	-4.2534040289865516e-08
	7.97485790826613e-06	-2.927450282186328e-09	-6.124209050994978e-08	-1.543842387263794e-08	-1.925941433000844e-07
	-4.2320138504692295e-09	-1.4997942798800068e-07	-1.4092839819568326e-06	-1.7104888172525534e-08	-3.103128562997881e-07
	-3.1356599095033744e-08	4.121294477954507e-05	-1.418091954974443e-07	-1.1021413115486212e-07	2.7933147066505626e-05
	6.108218076406047e-05	7.964082016087559e-08	6.309832656370418e-09	-1.0234749936444132e-08	1.2482154261306277e-06
	-7.118198652733554e-08	-2.4968306888695224e-07	-0.00014639562868978828	-0.00023914195480756462	2.624061562528368e-05
	1.1547343092388473e-05	2.056911398540251e-06	-1.04518278476462e-06	-2.0174897485958354e-07	-8.064891687808995e-08
	5.114806072015199e-07	-6.518655573017895e-05	-6.841290996817406e-06	-2.884488736754065e-08	2.1671230570063926e-05
	-5.252795176602376e-08	1.0477687283128034e-05	2.453977003824548e-07	1.9696021809068043e-06	2.0325753666838864e-06
	6.452444722526707e-06	-3.990426193922758e-06	-8.090371750313352e-08	0.00015332661860156804	-3.448970176123112e-08
	-6.489584336577536e-08	-9.090947423828766e-05	-8.659911543418275e-08	5.5304233683273196e-05	1.1191345947736409e-05
	1.545188388263341e-05	4.077916673850268e-05	-4.9667225539451465e-05	2.3573900762130506e-05	-9.52201480686199e-06
	-6.400495476555079e-05	2.531456084398087e-05	4.2100640712305903e-05	5.786875408375636e-05	-2.974119342979975e-05
	0.00011914526839973405	6.627871698583476e-06	3.138211468467489e-05	8.974188676802441e-05	-5.686861550202593e-05
	-7.213608114398085e-06	2.4678003683220595e-05	-3.194986129528843e-05	1.961608830924888e-07	0.00011633823305601254
	3.0592276743846014e-05	-1.0680662398954155e-07	-3.9182035834528506e-05	-1.9483835785649717e-05	4.978711876901798e-05
	7.141462992876768e-05	-4.8288910647897865e-08	-4.616825026459992e-05	-3.409855344216339e-05	-2.7735870389733464e-05
	6.852146179880947e-05	2.7572879844228737e-05	2.6624664315022528e-05	7.6291444202070124e-06	6.62575475871563e-05
	1.7097710951929912e-05	1.0989292604790535e-05	1.285864163946826e-05	1.3478626215146505e-08	-1.0356018265156308e-08
	1.0410695722384844e-05	-4.495714892982505e-05	-7.870798435760662e-05	-8.982263534562662e-05	-2.8083930374123156e-05
	1.8712251403485425e-05	-0.00011243033077334985	-2.8392258172971196e-05	-4.899957639281638e-05	1.967658317880705e-05
	-2.8548669206429622e-08	3.0529932701028883e-05	-2.7193105779588223e-05	-1.1586603250179905e-05	8.979591802926734e-05
	3.336790905450471e-05	2.781008333840873e-05	-4.774746412294917e-05	-0.00014398718485608697	2.288781433890108e-05
	1.622982381377369e-05	-2.4021566957799223e-08	3.447845301707275e-05	2.133709131157957e-05	1.072021677828161e-05
	-1.0751404261100106e-05	-4.019372136099264e-05	3.2878684578463435e-05	3.532375558279455e-05	1.1881789760082029e-05
	1.8261085642734542e-05	3.40303813572973e-05	-8.975049240689259e-06	5.004732156521641e-05	-1.06788129414781e-05
	-1.497194080002373e-05	5.8955891290679574e-05	-1.6425457943114452e-05	-1.6707595307252632e-08	-5.277484160615131e-05
	-2.3134458388085477e-05	1.7018530229506723e-07	-4.712175893928361e-08	0.00015666309627704322	2.552509067754727e-05
	-0.00015941957826726139	-1.8714708005518332e-08	-1.4736926345904067e-07	-1.9272754798294045e-05	-1.6518391930731013e-05
	-6.935781129868701e-05	-8.669534508953802e-06	4.123138205613941e-05	3.852756890410092e-06	-3.0263290682341903e-05
	7.110139449650887e-06	2.583788773335982e-05	6.61482845316641e-05	-2.0370192942209542e-05	7.0083078753668815e-06
	-7.8875724284444e-05	2.8118434784119017e-05	-6.345246106320701e-08	6.186911195982248e-05	-7.212263881228864e-06
	7.932531843835022e-06	1.6548465282539837e-05	2.8568209017976187e-05	-3.44005997021668e-08	-9.7155716503039e-06
	-6.68148345539521e-08	6.702720565954223e-05	1.5138576600293163e-05	-1.464027121755862e-08	-3.421791916480288e-08
	1.6283762306557037e-05	-6.372370989993215e-05	-4.5174678234616295e-05	-3.947394361603074e-06	-1.955226434802171e-05
	-4.840808287553955e-08	-6.125093023001682e-06	-5.46532561429558e-08	-7.594880116812419e-06	-4.205765435472131e-06
	2.3355468670160917e-08	4.412099588080309e-05	4.609990355675109e-05	-1.797987749796448e-07	3.972533306750847e-07
	-1.0261938143685256e-07	7.915717105788644e-06	2.919839289461379e-06	1.953706487256568e-05	1.3038118595432024e-05
	-2.3247919671121053e-05	3.155733793391846e-05	2.6542085834080353e-05	8.754488590057008e-06	0.00013522674271371216
	7.734349492238835e-05	4.206332050671335e-06	3.999377440777607e-05	-1.2413501337960042e-08	-2.0044569737365237e-06
	-7.974580285008415e-08	1.1255044228164479e-05	-0.00016709527699276805	-6.0303855207166635e-06	1.0803850273077842e-05
	2.5077904865611345e-05	-3.5437494716461515e-08	2.977776966872625e-05	-4.2607834984664805e-06	-4.368666122900322e-05
	-4.373507067612081e-08	-0.0001591380569152534	-2.985065475513693e-05	3.066542603846756e-06	-8.564600284444168e-05
	0.00011174937390023842	-4.5210498456071946e-08	-8.234779897975386e-07	8.790892934484873e-06	-5.172991222934797e-06
	1.5373807400465012e-06	-1.9947668988606893e-05	-4.795627717157913e-08	1.3525966096494813e-05	-1.3363512607611483e-06
	-2.7986898203380406e-06	-7.738570275250822e-05	-1.1055677532567643e-05	-8.705302752787247e-05	-8.791436266619712e-05
	-1.756585515977349e-05	1.1370084394002333e-05	1.5426769095938653e-05	7.423861461575143e-06	-3.1523040888714604e-07
	1.3288130503497086e-05	1.179860919364728e-05	-3.406806354178116e-05	-1.4072448720980901e-05	-6.425802894227672e-06
	-1.5205911040538922e-05	-8.355391400982626e-06	-1.3875634863325104e-07	6.327309876041909e-08	-9.472316264691472e-09
	-1.0376233205988683e-07	-7.969305215738132e-08	-2.762644271570025e-06	-3.976536788741214e-08	-4.6238668005571526e-08
	-5.6709497584961355e-05	-8.992868242785335e-05	-6.532804400194436e-05	-0.00010160198871744797	-2.6352998247602955e-05
	2.1200627088546753e-05	-9.515093552181497e-05	-6.215339089976624e-05	-0.00017399966600351036	-0.00012309334124438465
	-0.00024404293799307197	-5.234058335190639e-06	-3.1654572012485005e-06	3.999171894975007e-06	1.942950621014461e-05
	7.90620397310704e-05	-5.407980643212795e-05	-0.00016126946138683707	-0.00010012575512519106	-0.00015694009198341519
	5.1702390919672325e-05	0.00010295690299244598	-0.00023321462504100055	-0.00012860614515375346	-2.164985517083551e-06
	-0.00014610531798098236	-2.726339516812004e-05	-4.334103505243547e-05	-0.00017910603492055088	-9.847177716437727e-05
	6.09081416769186e-06	-5.132223668624647e-05	-2.4774677513050847e-05	-3.536029180395417e-05	-1.142204837378813e-05
	-1.2487702406360768e-05	-6.761026452295482e-05	2.4924406716309022e-06	-9.895317634800449e-05	-9.65739309322089e-05
	-3.7436941056512296e-05	-4.60018272860907e-05	-8.09177799965255e-06	-1.9602031898102723e-05	-0.0002375871263211593
	-5.3676325478591025e-05	-0.00018655257008504122	-0.00020635902183130383	-0.00025832882965914905	-0.00015664832608308643
	-0.00010422671039123088	-0.00013169781595934182	-0.00012308647274039686	-5.62210007046815e-05	-1.6237503587035462e-05
	-6.632096483372152e-05	-4.8482910642633215e-05	-9.222140215570107e-05	-0.0001336834829999134	-3.9111135265557095e-05
	-0.0001818924065446481	2.544970266171731e-05	-2.72028919425793e-05	-1.7536201994516887e-05	-4.529869693215005e-05
	-0.00010712688526837155	-0.00010502256918698549	-0.00010875486623262987	-2.7799640520242974e-05	-7.894862210378051e-05
	-1.1212395065740566e-06	-6.739218952134252e-05	-7.330114021897316e-05	-6.189071427797899e-05	-4.209295002510771e-05
	-1.8529797671362758e-05	-0.0001025414458126761	4.144274862483144e-05	5.341369251254946e-05	-0.0001396676670992747
	-8.727568638278171e-05	-2.0559797121677548e-05	7.934918539831415e-05	0.00011898107914021239	-4.735436959890649e-05
	-2.82124565273989e-05	4.313610406825319e-05	1.2878748748335056e-05	-0.0001286241167690605	-0.00019582807726692408
	4.3000887671951205e-05	-7.582731632282957e-05	-0.0002522162103559822	-0.0001053216983564198	-2.064184081973508e-05
	-0.0001189274771604687	-0.00017089484026655555	-9.758621308719739e-05	-1.344557949778391e-05	-0.0001546934072393924
	-0.00015703083772677928	-9.72470807028003e-05	2.2613778128288686e-05	2.181369018217083e-05	-0.00023307000810746104
	4.157893272349611e-06	-0.00015634275041520596	-7.879242730268743e-06	1.1053601156163495e-05	-0.00010366264905314893
	-0.0001573829649714753	-9.785391739569604e-05	-6.92839894327335e-05	-0.00012379242980387062	-0.00014419581566471606
	-0.0001424450456397608	-4.308714051148854e-05	-5.3016501624369994e-05	-8.321134373545647e-05	-9.775402531886357e-07
	-5.994195817038417e-05	-9.154979488812387e-05	3.9458162063965574e-05	-9.96534654404968e-05	-5.1166691264370456e-05
	-2.9489983717212453e-05	-0.00015583391359541565	-0.0001421540364390239	6.267832941375673e-05	-3.7900001188972965e-05
	-0.00016310432692989707	5.864864760951605e-06	-0.00011104234727099538	-2.4122255126712844e-05	0.0001032179279718548
	-2.309340015926864e-05	-2.149837018805556e-05	-0.0001916015608003363	1.7905178538057953e-05	-0.00013848319940734655
	-9.394804692419712e-06	4.492881998885423e-05	-5.939288894296624e-05	-4.7144119889708236e-05	-0.00011348385305609554
	2.2119911591289565e-05	-8.483754936605692e-05	-9.777824016055092e-05	-0.00010599233792163432	8.005097697605379e-06
	7.76816887082532e-06	4.868192263529636e-05	-7.295383693417534e-05	-0.00019234608043916523	-0.00023308031086344272
	5.034016794525087e-05	-3.230026050005108e-05	1.6503243386978284e-05	-0.00011697950685629621	-4.109305518795736e-05
	-4.911397991236299e-05	-0.00020955958461854607	-0.0001786280336091295	-0.00016932914149947464	2.13558814721182e-05
	8.617826824774966e-05	-6.258321081986651e-05	-0.00018374063074588776	-3.416720574023202e-05	2.231549115094822e-05
	-0.00019014991994481534	8.057254308369011e-05	-9.297852375311777e-05	-8.401185186812654e-05	-0.0001408039970556274
	-0.00010073214070871472	-1.6367548596463166e-05	8.968829934019595e-05	-0.00011258270387770608	3.123610804323107e-05
	-0.00010379607556387782	-9.921084711095318e-05	-0.0001905392127810046	-4.038444785692263e-06	5.694138235412538e-05
	-6.916779966559261e-05	-3.469207513262518e-05	-0.0001058549532899633	-0.00010786038910737261	2.4036042304942384e-05
	-0.00015914239338599145	-0.0001856604649219662	-0.00015486901975236833	-3.8254598621279e-05	-5.4270654800347984e-05
	-8.57739505590871e-05	-1.946337943081744e-05	1.5447894838871434e-06	-0.0001637879468034953	-4.301923399907537e-05
	-8.932456694310531e-05	-0.00015569652896374464	-0.0002014400961343199	-0.00010045692761195824	-6.178307376103476e-05
	-0.00010123243555426598	1.8241362340631895e-05	-0.0001844019425334409	5.016126669943333e-05	-6.0969978221692145e-06
	-0.00010289139027008787	-3.4290063922526315e-05	-8.01741480245255e-05	-0.0001346194912912324	-5.055109431850724e-05
	-0.00010397343430668116	8.40078791952692e-05	2.133945599780418e-05	-2.5953656859201146e-06	-6.61817284708377e-06
	-2.600554216769524e-05	4.509769132710062e-05	-5.129956116434187e-05	-0.0001525360275991261	-0.00010389530507382005
	-0.00013772668899036944	-3.615771493059583e-05	-8.15436305856565e-06	-0.00015732522297184914	-4.08779269491788e-05
	-1.8819770048139617e-05	6.424482853617519e-05	-0.00010960646613966674	7.797421130817384e-05	0.00010455821029609069
	2.5818066205829382e-05	-8.222201722674072e-05	-0.00010904847295023501	-0.00012553198030218482	2.0360714188427664e-05
	-6.542470509884879e-05	-4.184554563835263e-05	-0.000214907675399445	-6.855012179585174e-05	0.00014048385492060333
	5.8849276683758944e-05	6.138747266959399e-05	-0.00016582277021370828	-5.543679799302481e-05	7.109540092642419e-06
	-4.389840250951238e-05	-3.375962023710599e-06	-0.00013575174671132118	1.795471143850591e-05	-1.2942841749463696e-05
	9.4569222710561e-06	-0.0001228416949743405	3.6949677451048046e-05	7.253697549458593e-05	1.0551308150752448e-05
	2.0258084987290204e-05	-4.850197001360357e-05	-0.00010270520579069853	-0.0002637800935190171	-0.00010272777581121773
	-0.0002529398479964584	-0.00016876835434231907	-5.542102371691726e-05	2.7511852749739774e-05	-9.289422450819984e-05
	3.040750016225502e-05	-5.7629084039945155e-05	-3.6011530028190464e-05	-4.186556179774925e-05	-0.00010137826029676944
	6.733102782163769e-05	-5.734560909331776e-05	-9.561805200064555e-05	-0.00013047443644609302	-6.245887198019773e-05
	-0.0003108080418314785	-0.0001455628516850993	-6.375114753609523e-05	3.6710093809233513e-06	6.722614489262924e-05
	-0.00016799976583570242	-0.00022883707424625754	0.0001377230219077319	-0.00012135116412537172	-5.115669046062976e-05
	-4.987019565305673e-06	9.470014629187062e-05	-8.112376235658303e-05	4.849145989282988e-05	7.040874334052205e-05
	-0.00017880770610645413	-6.953468982828781e-05	-3.912562533514574e-06	9.331196633866057e-05	3.945022035622969e-05
	9.362889613839798e-06	-0.0002092331269523129	-0.00012671198055613786	-9.377697278978303e-05	6.924357876414433e-05
	9.968155791284516e-05	-6.8120782088954e-05	-4.746940248878673e-06	-3.63822364306543e-05	-4.901562715531327e-05
	-1.4582567018806003e-05	1.8930280930362642e-05	-6.019807915436104e-05	-1.998687548621092e-05	1.8020704374066554e-05
	3.944637137465179e-05	-4.176731818006374e-05	-6.343674613162875e-06	-7.323177123907954e-05	-0.00011367747356416658
	7.365330384345725e-05	5.9793532273033634e-05	-5.744984082411975e-05	-0.00012333841004874557	-5.3758973081130534e-05
	4.9253827455686405e-05	-0.0001903601223602891	-0.0001537840289529413	-6.836028478574008e-05	1.3244965657577268e-06
	3.877455310430378e-05	-1.843874269980006e-05	-0.0001143848494393751	2.8537722300825408e-06	-1.8497139535611495e-06
	-4.88489204144571e-05	-4.2451665649423376e-05	-1.8463981177774258e-05	3.3999029255937785e-05	-3.0830335163045675e-05
	-3.281205135863274e-05	3.327043259560014e-06	-3.577808092813939e-05	1.1978895599895623e-05	-7.3342889663763344e-06
	4.6181339712347835e-06	-5.046259320806712e-05	3.5178101825295016e-05	4.87326269649202e-06	-8.494743087794632e-05
	-5.095631058793515e-05	-8.495522706652991e-06	9.798888640943915e-05	2.4617449525976554e-05	6.721075806126464e-06
	8.301054549519904e-06	-0.00010903045040322468	-8.972239811555482e-06	-6.409604975488037e-05	2.101485051753116e-06
	-4.8192425310844555e-05	-1.6425859939772636e-05	-5.208993752603419e-05	0.00012103201152058318	9.979747517263604e-08
	-4.289967910153791e-05	9.975812281481922e-05	-2.892102929763496e-05	2.404546285106335e-05	5.4940148402238265e-05
	-9.221286745741963e-05	3.864154132315889e-05	1.91420731425751e-05	-8.178400457836688e-05	1.6681971146681462e-06
	-2.6206558686681092e-05	-3.3462143619544804e-05	-7.077895133988932e-06	2.1376371250880766e-07	1.7881450276036048e-06
	2.6616366994858254e-06	-3.2433912565466017e-05	-1.965027149708476e-05	3.922501491615549e-05	-2.4349956220248714e-05
	-5.190125375520438e-05	-7.926669240987394e-06	6.894944090163335e-05	-6.194426532601938e-05	3.6165525671094656e-05
	1.6735686585889198e-05	-5.5918688303790987e-05	4.087781780981459e-05	-2.1627543901558965e-05	9.043531463248655e-06
	2.811455306073185e-05	2.9397291655186564e-05	-7.475142410839908e-06	-5.028007581131533e-05	3.835577444988303e-05
	0.00010723628656705841	4.1498431528452784e-05	-3.051224894079496e-06	9.783419227460399e-05	-6.71686211717315e-05
	2.1843716240255162e-05	-1.0125764674739912e-05	-2.4104594558593817e-05	-0.0001273439556825906	-2.9066723072901368e-05
	6.803542419220321e-06	3.35081567754969e-05	3.837961776298471e-05	-3.539853651091107e-06	-4.4920518121216446e-05
	-5.975753811071627e-05	3.277528958278708e-05	1.9109824279439636e-05	6.544919597217813e-05	1.6041178241721354e-05
	2.2181946405908093e-05	-8.064151916187257e-05	-4.135088238399476e-05	1.0882848073379137e-05	-8.24948710942408e-06
	1.4863093383610249e-05	5.46906846921047e-07	-4.3250447561149485e-06	-7.533391908509657e-05	7.395156717393547e-05
	-4.386829459690489e-05	5.677489025401883e-05	-1.1941655429836828e-05	-1.5207082469714805e-05	-4.008244286524132e-05
	-7.293754606507719e-05	9.341221448266879e-05	5.872823021491058e-05	-2.547014446463436e-05	1.2173612049082294e-05
	3.4908134693978354e-05	2.0077408180441125e-08	8.574641833547503e-05	-4.571626959659625e-06	-2.122356636391487e-05
	-4.0293243728228845e-06	2.7305060939397663e-05	4.450388587429188e-06	-1.5170598089753184e-05	-1.1874291885760613e-05
	-3.219098289264366e-05	5.333827357389964e-05	-2.0391698853927664e-06	-1.0908192962233443e-05	3.753319469979033e-05
	-2.5370562070747837e-05	1.1477710359031335e-05	-2.4511415176675655e-05	-8.448065636912361e-05	8.541435818187892e-06
	8.375642210012302e-06	7.146096550059156e-07	-4.1104522097157314e-05	1.1069473657698836e-06	-2.9786473533022217e-05
	-9.961426258087158e-05	-3.603900768212043e-05	-5.033222623751499e-05	-7.228578760987148e-05	-6.164521619211882e-05
	3.603608638513833e-05	2.3410819267155603e-05	3.50459995388519e-05	3.420675784582272e-05	-2.2016360162524506e-05
	-1.3986708836455364e-05	-1.934002648340538e-05	1.4096036466071382e-05	-3.7839770811842754e-05	-0.00011946119775529951
	2.6626843464327976e-05	-2.3721093384665437e-05	1.4270983228925616e-05	-1.6986548871500418e-05	3.629881757660769e-05
	4.962960701959673e-06	1.45790772876353e-06	3.4620337828528136e-05	-5.732841259487031e-07	1.4488010492641479e-05
	0.0001184586581075564	3.2782636480988003e-06	-5.683968993253075e-06	4.0438342693960294e-05	9.176059393212199e-05
	-4.364224514574744e-05	-7.097883644746616e-05	-3.3513053494971246e-05	6.334475074254442e-06	3.127572199446149e-05
	0.00011315448500681669	-2.154175308533013e-05	1.831721056078095e-05	-9.412387043994386e-06	-5.952921856078319e-05
	-1.2900703950435854e-05	-1.0243405995424837e-05	2.126338404195849e-05	-1.6927245383158152e-07	7.16989889042452e-05
	5.1960363634862006e-05	5.052257256465964e-05	-9.201727152685635e-06	-3.13823256874457e-05	7.355538400588557e-05
	-6.208074773894623e-05	-6.826331082265824e-05	8.129099114739802e-06	-2.6563606297713704e-05	-2.570783908595331e-05
	-2.27141263167141e-05	-3.1617124477634206e-05	-1.2052142665197607e-05	1.3016830052947626e-05	-2.0234150724718347e-05
	-9.374779619975016e-05	-1.525607513030991e-05	-1.8431215721648186e-05	-4.5254048018250614e-05	-6.466546437877696e-06
	1.9134640751872212e-05	8.12793859950034e-06	3.059178561670706e-05	-0.0001401003828505054	1.218070974573493e-05
	-1.4796729374211282e-05	-5.778620470664464e-05	6.580891749763396e-06	-7.153969636419788e-05	-1.4685314454254694e-05
	9.93982030195184e-05	3.8229651977417234e-07	1.0200151336903218e-06	2.58491108979797e-05	1.6458901882288046e-05
	-2.9528069717343897e-05	2.0483939806581475e-05	-1.170286941487575e-05	-2.5376120902365074e-05	-5.410427911556326e-05
	5.298545875120908e-05	-3.7636473280144855e-05	-4.4785883801523596e-05	-4.5289183617569506e-05	7.606980943819508e-05
	-1.599413917574566e-05	-1.4609614481742028e-05	-3.528170782374218e-05	-7.632798769918736e-06	1.164511741080787e-05
	-3.066167118959129e-05	-2.9595121304737404e-05	-8.17303589428775e-05	-6.69058645144105e-05	-4.6134329750202596e-05
	8.795489702606574e-05	5.6483371736248955e-05	-5.400498048402369e-05	4.3714462663047016e-05	9.897291420202237e-06
	-1.2779724784195423e-05	4.259203706169501e-06	5.460182001115754e-05	-2.309016235813033e-05	3.903100514435209e-05
	-9.178405889542773e-05	2.9833949156454764e-05	-2.8603071768884547e-05	-2.3559570763609372e-05	6.113024574005976e-05
	-2.0388220946188085e-05	-1.1527406059030909e-05	-1.2218808478792198e-05	-1.9712120774784125e-05	-3.8619808037765324e-05
	-1.6467058230773546e-05	1.0964198509100243e-06	-3.811756323557347e-05	-1.7200365618919022e-05	-3.4345230233157054e-05
	3.084807360664854e-07	-5.9271724239806645e-06	-7.303965685423464e-05	2.9083687422826188e-06	-2.4938972273957916e-06
	7.222782187454868e-06	2.5783472665352747e-05	-7.6133892434882e-06	1.1721323062374722e-05	-5.833678733324632e-05
	-6.363999273162335e-05	-2.5083236323553137e-05	-2.425035745545756e-05	2.6697465727920644e-05	-1.0214133908448275e-05
	6.2166363932192326e-06	6.96859642630443e-05	1.5090981833054684e-05	4.3843443563673645e-05	2.8264475986361504e-06
	-8.929743671615142e-06	4.782482392329257e-07	6.815899541834369e-05	6.494943590951152e-06	-2.5202529286616482e-05
	-7.2825878305593506e-06	-7.538252975791693e-05	0.00013778891297988594	-9.144910109171178e-06	1.2621412679436617e-05
	-5.71992713958025e-05	1.240331130247796e-05	-6.998387834755704e-05	6.757709343219176e-06	1.852897730714176e-05
	3.7522029742831364e-05	-1.5885065295151435e-05	-0.00015310535673052073	-8.41819928609766e-05	7.537819328717887e-06
	4.4155339651297254e-07	-2.000873973884154e-05	3.7633370084222406e-05	1.0149423701477644e-07	-2.587057497294154e-05
	-1.7311454939772375e-05	2.598860419311677e-06	2.5504380118945846e-06	-3.9233098505064845e-05	-8.881994290277362e-06
	2.0358461370051373e-06	2.3744119062030222e-06	-5.243601117399521e-05	-3.013004061358515e-06	-2.620352006488247e-06
	-8.00845282356022e-06	1.2136215445934795e-05	-9.843851330515463e-06	3.5715476087716524e-07	-6.277703505475074e-06
	-1.3537377526517957e-05	-3.108893724856898e-05	-2.298229082953185e-05	-4.8984333261614665e-05	1.86301604117034e-05
	-3.5396511520957574e-05	-2.0961173504474573e-05	-2.7890973797184415e-05	-3.355677836225368e-05	6.898344145156443e-05
	-0.00018708629067987204	-1.8679158529266715e-05	3.1933715945342556e-05	-3.9916139940032735e-05	-9.292418690165505e-05
	1.2403063919919077e-05	2.8099631890654564e-05	-5.157468331162818e-05	3.5242763260612264e-05	-1.4372687473951373e-05
	-6.685093103442341e-05	9.452695849176962e-06	-4.754548172059003e-06	6.0604153986787423e-05	-4.0650655137142166e-05
	-6.725569983245805e-05	1.6722224245313555e-05	9.935854177456349e-05	6.937993020983413e-05	-0.00010651125194272026
	-5.162875459063798e-05	-1.3842785847373307e-05	-1.275451450055698e-05	-6.176605529617518e-05	-0.00017302347987424582
	-2.389620385656599e-05	1.7459442460676655e-05	-3.8258611311903223e-05	-1.3909962035540957e-05	1.4809841559326742e-05
	-1.0624809874570929e-05	-5.2419745770748705e-05	-8.280254405690357e-05	-9.415557724423707e-05	-4.1732386307558045e-05
	5.2855320973321795e-06	5.683358176611364e-05	-5.735137892770581e-05	-1.2591031008923892e-05	-6.0070491599617526e-05
	6.189001169332187e-07	-1.7179698261315934e-05	1.3215715625847224e-05	-1.875076850410551e-05	3.917209141945932e-06
	-6.167720857774839e-05	9.326136932941154e-05	3.237183534565702e-07	1.935246109496802e-05	-2.078148099826649e-05
	-6.417158147087321e-05	4.836682819586713e-06	-6.485371704911813e-05	-8.972692739916965e-05	-4.387538865557872e-05
	-0.0001000280462903902	9.07764297153335e-06	4.271132638677955e-06	-3.140516753319389e-07	-7.392344559775665e-05
