2690	
	-0.003358919871971011	-0.0042381202802062035	0.007201719097793102	0.005578517913818359	1.1224771697015967e-05
	1.1460901077953167e-05	1.0401061445008963e-05	-0.004710288718342781	0.0007147070136852562	1.269976382900495e-05
	-0.004711583722382784	0.0012353924103081226	-0.0033891364000737667	-0.00025172889581881464	-0.00025172889581881464
	-0.01062464714050293	-0.015571882016956806	-0.008154261857271194	0.007032851688563824	0.02283349633216858
	0.027110349386930466	0.016871370375156403	0.0002880208194255829	0.0002880208194255829	0.005705576390028
	-0.010299311950802803	-0.015541589818894863	-0.008137790486216545	0.006985028740018606	0.02282068505883217
	0.027091873809695244	0.019594216719269753	-0.009408657439053059	-0.01915157213807106	-0.02754875272512436
	-0.03738737478852272	-0.026125246658921242	-0.009592405520379543	0.013869819231331348	0.02200220711529255
	0.004588427487760782	-0.011386063881218433	-0.027386099100112915	-0.040298573672771454	-0.022090772166848183
	0.002408622531220317	0.027439657598733902	0.05046562850475311	0.04990566894412041	0.027327831834554672
	0.0184126365929842	0.012564522214233875	0.009825172834098339	0.006136912386864424	0.0036436801310628653
	0.002060916507616639	0.0014829437714070082	0.0011045956052839756	0.0006810242775827646	0.000463952892459929
	0.000338800746249035	0.00025041127810254693	0.00018142827320843935	0.0001379866007482633	9.619050979381427e-05
	6.491195381386206e-05	4.159454329055734e-05	2.7455511371954344e-05	2.085523010464385e-05	1.5618628822267056e-05
	1.2072655408701394e-05	8.170857654477004e-06	2.854122158169048e-06	2.880837655538926e-06	-0.010774880647659302
	-0.019159618765115738	-0.027639033272862434	-0.03746573626995087	-0.02622952312231064	-0.009653887711465359
	0.013931830413639545	0.02202356792986393	0.004595841746777296	-0.011370813474059105	-0.027350720018148422
	-0.04032158479094505	-0.022017138078808784	0.002439660718664527	0.02741621620953083	0.039784424006938934
	0.04475846141576767	0.02810993418097496	0.01951899752020836	0.01728782057762146	0.006853075698018074
	0.005031559616327286	0.003395610488951206	0.0021692451555281878	0.0016179295489564538	0.001105213537812233
	0.0006780520780012012	0.0004617114900611341	0.0003379886329639703	0.00025421829195693135	0.00018142325279768556
	0.000137272261781618	9.522074105916545e-05	6.308055890258402e-05	5.797036283183843e-05	3.3432719646953046e-05
	2.9415799872367643e-05	1.5085119230207056e-05	9.169521945295855e-06	0.00960887223482132	0.026439126580953598
	0.02815641090273857	0.031055716797709465	0.025961225852370262	0.005955348256975412	-0.012558339163661003
	-0.021240109577775	-0.016674721613526344	-0.0009616027818992734	0.017726680263876915	0.027356071397662163
	0.02433304488658905	-0.003928776364773512	-0.03368557244539261	-0.03685886040329933	-0.03681130334734917
	-0.023649459704756737	-0.013190642930567265	-0.006779151502996683	-0.0015467498451471329	-0.0002993658999912441
	0.0003340710245538503	0.0005951994680799544	0.0006955432472750545	0.0007642162381671369	0.00046613108133897185
	0.00039543159073218703	0.0003015925467479974	0.00023516341752838343	0.00021867132454644889	0.00013793300604447722
	8.95831108209677e-05	6.547649536514655e-05	4.5546672481577843e-05	3.247431595809758e-05	2.1298115825629793e-05
	1.4276603906182572e-05	1.1921910299861338e-05	3.901986201526597e-05	7.277600525412709e-05	9.634266461944208e-05
	0.00010585317795630544	9.630433487473056e-05	7.354080298682675e-05	3.893670509569347e-05	-0.022663934156298637
	-0.033444758504629135	-0.04360305517911911	-0.06284799426794052	-0.03702005371451378	-0.01580449938774109
	0.00037752449861727655	0.01643897220492363	0.029928933829069138	0.036305662244558334	0.0364534966647625
	0.030080625787377357	0.017447687685489655	0.0008817183552309871	-0.014943561516702175	-0.029551874846220016
	-0.04151801019906998	-0.04412171617150307	-0.03497835621237755	-0.018868552520871162	-0.00026445777621120214
	0.017661195248365402	0.03021698072552681	0.036411482840776443	0.03363167494535446	0.023938942700624466
	0.012806086800992489	-0.01940009370446205	-0.0381573848426342	-0.05248500779271126	-0.053622134029865265
	-0.04442552104592323	-0.025433234870433807	-0.0006717492360621691	0.022539671510457993	0.04000329226255417
	0.04874269664287567	0.058315567672252655	0.031412314623594284	0.013784623704850674	-0.007374794688075781
	-0.027219820767641068	-0.04103809595108032	-0.05093279853463173	-0.052324697375297546	-0.04299658536911011
	-0.029446808621287346	-0.0008405899861827493	0.030541040003299713	0.04125816747546196	0.05068112164735794
	0.05016406252980232	0.03956635668873787	0.021702410653233528	0.012074842117726803	0.026442348957061768
	0.028212737292051315	0.031077345833182335	0.025932174175977707	0.005953267216682434	-0.012543777003884315
	-0.02125142328441143	-0.016675813123583794	-0.0009712755563668907	0.01766877807676792	0.02722492814064026
	0.02433226816356182	-0.00440868129953742	-0.043116193264722824	-0.051539886742830276	-0.035601820796728134
	-0.02200060896575451	-0.012293266132473946	-0.005743824411183596	-0.002362568862736225	-0.00024126621428877115
	0.00038891227450221777	0.0006463135941885412	0.0007180596003308892	0.0007728988421149552	0.00046967429807409644
	0.000396979070501402	0.00036930377245880663	0.0002061055856756866	0.0001574353373143822	0.00013443405623547733
	8.888643787940964e-05	6.534736166941002e-05	4.520243965089321e-05	3.1469331588596106e-05	2.0456714992178604e-05
	1.438497747585643e-05	1.0782655408547726e-05	1.0528634447837248e-05	2.8618974283745047e-06	2.86224394585588e-06
	3.250831287004985e-05	7.376629946520552e-05	9.612689609639347e-05	0.0001040179340634495	9.604491788195446e-05
	7.345029735006392e-05	3.634916356531903e-05	-0.022535530850291252	-0.03341175988316536	-0.043633900582790375
	-0.06303179264068604	-0.0367593988776207	-0.016594629734754562	-0.0005204362678341568	0.016539420932531357
	0.029782135039567947	0.03641980141401291	0.03647985681891441	0.030204059556126595	0.02293792925775051
	0.0009885076433420181	-0.014823822304606438	-0.028900146484375	-0.04165105149149895	-0.04405955225229263
	-0.03482434153556824	-0.018800679594278336	-0.00033962505403906107	0.017306556925177574	0.030238261446356773
	0.03623063117265701	0.03376062586903572	0.024538127705454826	0.013158360496163368	-0.020354535430669785
	-0.04931439459323883	-0.05042797699570656	-0.05221283808350563	-0.043853823095560074	-0.025806749239563942
	-0.0005716681480407715	0.022842073813080788	0.03947443515062332	0.048610869795084	0.04454696178436279
	0.031427860260009766	0.013894239440560341	-0.007190234959125519	-0.03288282826542854	-0.04091726988554001
	-0.05114715173840523	-0.06864148378372192	-0.04296344518661499	-0.024380803108215332	-0.0003730339230969548
	0.023252662271261215	0.041647251695394516	0.05069195479154587	0.04992951452732086	0.039484184235334396
	0.022504691034555435	-0.0019949229899793863	0.001145200920291245	-0.010700364597141743	0.0005976282409392297
	0.0003020974399987608	0.00011346404062351212	-0.004130242392420769	0.0073107341304421425	-0.0005648774676956236
	0.020940488204360008	0.032272547483444214	0.028027912601828575	-0.016387028619647026	-0.016316287219524384
	-0.0037838411517441273	9.2399786808528e-06	7.067536353133619e-05	-0.019597576931118965	0.00012864482414443046
	6.834564555902034e-05	-0.028444744646549225	0.019403858110308647	-0.043457161635160446	0.04091786965727806
	-0.00453510507941246	-0.0416901558637619	0.02081277221441269	0.04682144522666931	0.030962886288762093
	0.01296573132276535	0.027400853112339973	0.002151117194443941	-0.02174224704504013	-0.021655334159731865
	-0.04296187311410904	-0.03915756940841675	-0.028112264350056648	0.017493553459644318	0.0033031112980097532
	0.0007347756763920188	0.00038932033930905163	0.0002660281606949866	2.9445871405187063e-05	3.1752650102134794e-05
	1.8125278074876405e-05	1.779545345925726e-05	0.03942645341157913	0.006827240809798241	0.005772091913968325
	0.0021279742941260338	0.001626115059480071	0.0007970572332851589	0.0005092070205137134	0.00017689343076199293
	0.07317101210355759	-0.05334518849849701	-0.03443688526749611	0.00019941836944781244	0.014155683107674122
	0.002288891701027751	0.001345706870779395	0.0007061015348881483	-0.007976848632097244	0.00011246601934544742
	0.032542724162340164	0.0020260168239474297	0.0008208887884393334	-0.0014801989309489727	0.09256771951913834
	0.00011845290282508358	-0.08952487260103226	0.1120309829711914	-0.10372325778007507	-0.11229570209980011
	-0.04838588461279869	0.06956079602241516	7.308417843887582e-05	0.049171652644872665	0.00023410383437294513
	0.008375941775739193	0.0004331296368036419	0.0689355656504631	0.00010087334521813318	0.048364073038101196
	-0.07359796017408371	-0.03396712616086006	-0.0444837361574173	0.06958532333374023	-0.0930689200758934
	4.265096868039109e-05	6.429232598748058e-05	0.06249493733048439	-0.04204023256897926	0.034584179520606995
	0.11148996651172638	0.13388067483901978	0.17459337413311005	0.1614433228969574	0.08947499096393585
	0.19502127170562744	0.14171051979064941	0.1603785902261734	0.09864012151956558	0.0833638608455658
	0.038001649081707	0.005741363391280174	-0.034760791808366776	-0.09165377169847488	-0.1115792766213417
	-0.08213617652654648	-0.13079018890857697	-0.10646530240774155	-0.13348473608493805	-0.13979659974575043
	-0.14019274711608887	0.05927745997905731	-0.16583792865276337	-0.1462450921535492	-0.18024501204490662
	-0.056413132697343826	-0.14067605137825012	-0.20320633053779602	0.05069262534379959	-0.1624661237001419
	-0.09905745834112167	-0.0792447030544281	0.06714441627264023	-0.12560220062732697	-0.2267792671918869
	-0.2571912705898285	-0.11673352867364883	-0.1276922971010208	-0.02735927700996399	0.010841079987585545
	0.12107241898775101	-0.158786341547966	-0.18196603655815125	-0.07622440159320831	-0.23601482808589935
	-0.20460042357444763	-0.28003665804862976	-0.3030250668525696	-0.3314277231693268	0.13904573023319244
	-0.24967855215072632	-0.2747131288051605	-0.2463483363389969	-0.28503933548927307	-0.11184321343898773
	-0.3386225402355194	-0.3492221236228943	-0.29576796293258667	0.05312906578183174	0.12716422975063324
	0.06285198032855988	-0.32937511801719666	-0.3172133266925812	-0.0364086888730526	-0.28419074416160583
	0.1993849277496338	-0.22320805490016937	-0.27599459886550903	-0.26104897260665894	-0.2195078283548355
	0.06901365518569946	0.1787535846233368	-0.017953326925635338	0.1923188716173172	0.25328415632247925
	0.05997149646282196	-0.020201316103339195	-0.16543357074260712	-0.22992642223834991	-0.16834355890750885
	-0.24309416115283966	-0.189240962266922	-0.04969904199242592	-0.018209567293524742	-0.08294045180082321
	0.04017845541238785	0.10549037903547287	0.15342991054058075	0.223436638712883	0.23739761114120483
	0.27931371331214905	0.09296803176403046	0.27327537536621094	0.2853316366672516	0.270185649394989
	0.25093165040016174	0.24211248755455017	0.18408189713954926	0.17608891427516937	0.06593094766139984
	0.10444816201925278	0.0426967553794384	0.006873744074255228	-0.06816495209932327	0.05958393216133118
	0.1879156082868576	-0.06972352415323257	-0.0630204901099205	-0.018174219876527786	-0.15873757004737854
	-0.0954122394323349	-0.08511126041412354	0.282931923866272	0.06396401673555374	-0.19138683378696442
	-0.24635165929794312	-0.21553631126880646	0.23321320116519928	-0.0729505866765976	-0.27092254161834717
	-0.2755952775478363	-0.2566052973270416	-0.025225622579455376	0.22306084632873535	0.2581237852573395
	0.03439000993967056	-0.248527392745018	-0.12657377123832703	-0.13018584251403809	0.12501037120819092
	0.03152942284941673	-0.3275964856147766	-0.05191342160105705	0.1213512122631073	0.24461500346660614
	0.14609481394290924	-0.22785700857639313	-0.2464558482170105	-0.15979497134685516	0.2076321244239807
	0.21050870418548584	-0.16028271615505219	-0.2910579741001129	-0.23021996021270752	-0.013779297471046448
	0.006007304880768061	0.13845744729042053	0.19829855859279633	0.2519996166229248	0.309253990650177
	0.3244457542896271	0.35027655959129333	0.3400219678878784	0.3324820101261139	0.31335189938545227
	0.2834705710411072	0.25861626863479614	0.2098197489976883	-0.06711161136627197	0.17154546082019806
	0.10731854289770126	0.1419665366411209	0.016608400270342827	0.029310770332813263	0.04649486392736435
	0.08692601323127747	0.12100481241941452	0.01408134214580059	0.04327549785375595	-0.0032394127920269966
	0.02452336624264717	0.05910707265138626	0.04025883227586746	-0.05875251814723015	0.016017964109778404
	0.025724127888679504	0.11145149916410446	0.14569950103759766	0.012227318249642849	0.01820211112499237
	0.02883683331310749	0.020153718069195747	0.01322877500206232	0.013839258812367916	0.017399413511157036
	0.012159666046500206	0.010032948106527328	0.008775463327765465	0.007207849528640509	0.006451727356761694
	0.012796241790056229	0.0070304227992892265	0.005296713672578335	0.004837134387344122	0.003961114678531885
	0.0034825836773961782	0.002921613398939371	0.0030014081858098507	0.0022933490108698606	0.002116076648235321
	0.001707472954876721	0.0015007643960416317	0.0012407473986968398	0.0013232702622190118	0.0009637703187763691
	0.0008869006996974349	0.0007249639020301402	0.2542250454425812	0.0006199830095283687	0.0005391775048337877
	0.000557736202608794	0.0004129026783630252	0.0003676005871966481	0.00030574260745197535	0.06096150726079941
	0.00038303498877212405	0.33074602484703064	0.05214559659361839	-0.08293861895799637	-0.13709872961044312
	0.00024976456188596785	0.004974464885890484	0.0009391073836013675	0.0002150254149455577	0.0002295143494848162
	0.08630776405334473	0.002148370025679469	0.001769102062098682	0.22525809705257416	0.11954153329133987
	-0.10679551959037781	-0.2261757105588913	-0.1983771026134491	-0.25955769419670105	-0.30009767413139343
	-0.287497341632843	-0.3089808523654938	0.002596151316538453	0.26656004786491394	-0.08214820921421051
	0.13681012392044067	-0.05021851137280464	-0.1017758920788765	-0.12076031416654587	0.0004803220508620143
	0.00027955969562754035	0.06396280229091644	-0.03484906256198883	0.00718016317114234	0.005028121639043093
	0.09313208609819412	0.06596027314662933	0.04748019203543663	0.0002511412021704018	-0.0166594460606575
	0.07006876915693283	0.0001730499934637919	-0.2051546722650528	-0.13026927411556244	0.0011382275260984898
	0.22442463040351868	0.0038168644532561302	0.0025619424413889647	-0.0018510998925194144	-0.08461867272853851
	-0.12676715850830078	-0.23849546909332275	0.10737941414117813	0.17339769005775452	0.1783035844564438
	0.0007330739754252136	0.1421079784631729	0.09204564243555069	-0.056442029774188995	0.010898728854954243
	0.006432524416595697	0.001689620316028595	0.001128409174270928	-0.15392760932445526	-0.03667613863945007
	-0.06964974850416183	0.13520078361034393	0.17157599329948425	0.21817417442798615	0.30745062232017517
	0.1949293166399002	0.00019293877994641662	-0.297489196062088	-0.27034133672714233	-0.2561953365802765
	-0.1732548624277115	-0.17510771751403809	-0.2283586710691452	0.016110770404338837	0.19278642535209656
	0.2038024216890335	0.0007233963115140796	0.029871080070734024	0.0651230663061142	-0.04070271551609039
	0.15727780759334564	0.2809390127658844	-0.19751454889774323	0.008428066037595272	-0.026002395898103714
	-0.09259208291769028	0.13181845843791962	0.0877683013677597	-0.13231298327445984	-0.24233578145503998
	-0.20706230401992798	-0.23478613793849945	-0.20059336721897125	0.0032178370747715235	0.009341412223875523
	-0.06890326738357544	0.008178776130080223	0.06096202880144119	0.11390688270330429	-0.01156710460782051
	0.1066286563873291	0.16818222403526306	0.15046650171279907	0.07442522794008255	0.15854625403881073
	0.2045026570558548	0.1553705334663391	-0.021315816789865494	0.005814337637275457	-0.26370999217033386
	-0.2637386620044708	-0.07663347572088242	0.1285945475101471	0.23485159873962402	0.1866324096918106
	-0.09285522997379303	-0.14542800188064575	-0.19747431576251984	-0.19237318634986877	-0.030509723350405693
	-0.0915621966123581	-0.04268046095967293	-0.16775749623775482	0.08250174671411514	0.1744922697544098
	0.02986440248787403	0.08927035331726074	0.010797821916639805	0.06031531095504761	0.1367190182209015
	0.07552748918533325	0.13365301489830017	0.12293297797441483	0.08874056488275528	0.10313980281352997
	0.2004876732826233	0.21394143998622894	0.25561487674713135	-0.32110342383384705	-0.11756748706102371
	0.02161586843430996	-0.14553320407867432	-0.029012473300099373	-0.08126899600028992	-0.17351962625980377
	-0.02174490876495838	0.010131453163921833	-0.13309136033058167	-0.20008832216262817	-0.05373205617070198
	-0.10987930744886398	0.0004713408416137099	-0.05593101307749748	0.019242050126194954	0.02476602979004383
	-0.03577162325382233	-0.21768690645694733	0.10714367032051086	-0.06997222453355789	-0.0627826377749443
	-0.09335677325725555	-0.007291675079613924	-0.06701982021331787	-0.16075649857521057	0.10085521638393402
	-0.06944160908460617	0.018701136112213135	0.023335939273238182	-0.19005149602890015	0.176303431391716
	0.23128852248191833	-0.12160474807024002	-0.11927764117717743	-0.17138174176216125	0.2516501545906067
	0.21252261102199554	0.047506947070360184	-0.19093549251556396	-0.2288990318775177	-0.20506760478019714
	-0.08194756507873535	-0.10812108963727951	-0.06663313508033752	-0.028719553723931313	-0.029460251331329346
	-0.01421365700662136	-0.2867216467857361	-0.20359443128108978	-0.0857120230793953	0.13400429487228394
	-0.08971773087978363	0.03489799052476883	-0.13965702056884766	-0.09369536489248276	-0.13815537095069885
	0.00016494323790539056	0.0001534839248051867	0.0806865245103836	-0.08737552165985107	0.23266984522342682
	-0.10599733144044876	-0.05307915434241295	-0.13063067197799683	-0.08937262743711472	-0.11644026637077332
	-0.17950539290905	-0.0069084493443369865	0.01911584660410881	0.09230254590511322	0.06413418799638748
	0.11766396462917328	0.14958585798740387	0.07659560441970825	0.14009883999824524	-0.036018021404743195
	0.012692528776824474	0.18837277591228485	0.2250879853963852	0.008447698317468166	-0.14722837507724762
	-0.1828896850347519	-0.16151513159275055	-0.07695010304450989	0.18348312377929688	0.12021120637655258
	9.85967562883161e-05	0.00010170842142542824	0.00017131175263784826	0.08591628819704056	0.11203756928443909
	0.13070140779018402	-0.11910111457109451	0.004239422269165516	0.0024514480028301477	0.0059571112506091595
	0.0034909171517938375	0.00790960993617773	-0.07692902535200119	0.010745922103524208	0.00011921421537408605
	0.18104790151119232	-0.3003690242767334	-0.10516764968633652	-0.15927176177501678	-0.08653087913990021
	-0.25253185629844666	0.003655261592939496	0.14784230291843414	-0.0742708370089531	0.0871003270149231
	0.0038776188157498837	-0.07571979612112045	0.16768115758895874	0.19520963728427887	0.21979400515556335
	-0.08618150651454926	-0.10176902264356613	0.06401705741882324	0.0002865562273655087	6.912225217092782e-05
	0.25661060214042664	0.00016149625298567116	0.00017837279301602393	0.0006069295341148973	0.001550018205307424
	0.0006010837387293577	0.0003099790483247489	0.012389108538627625	0.027596646919846535	0.0010462927166372538
	0.0008485654252581298	0.001092317746952176	0.004360399674624205	0.0003438717976678163	0.059086818248033524
	0.0017683393089100718	0.0010428400710225105	0.0024015626404434443	0.00041954059270210564	0.0038813406135886908
	0.0007325077895075083	0.000292491284199059	0.009282287210226059	0.00010564077092567459	5.421094465418719e-05
	0.005124788731336594	0.003235781332477927	0.0006152970599941909	9.403311560163274e-05	0.003131600795313716
	0.008245449513196945	0.02371245063841343	0.00974933709949255	0.023770563304424286	0.0010514052119106054
	0.0001117586434702389	-0.2789972126483917	0.08597435057163239	-0.005596585106104612	0.0013936131726950407
	-0.237489253282547	0.010099507868289948	0.0016123356763273478	0.22648167610168457	0.07875483483076096
	0.10403893142938614	-0.13103970885276794	-0.10047844797372818	-0.035297829657793045	0.04179695248603821
	0.17901571094989777	0.08357244729995728	0.2176065742969513	0.02010120265185833	-0.20556855201721191
	0.018517836928367615	0.0902099758386612	-0.05670935660600662	-0.010296758264303207	-0.23495499789714813
	0.03300534933805466	0.000741412746720016	0.13340286910533905	3.663383176899515e-05	5.342019358067773e-05
	0.11629392951726913	-0.06088891252875328	0.15132614970207214	-0.07415889948606491	0.06920700520277023
	0.00030003098072484136	0.09436362981796265	0.16543151438236237	0.2778220474720001	0.14410658180713654
	0.003909992054104805	0.006361537147313356	0.09177002310752869	0.10294269770383835	-0.19369089603424072
	-0.01565319299697876	0.19814208149909973	-0.22364355623722076	-0.04066760092973709	-0.21712878346443176
	0.00035756296711042523	-0.131093367934227	-0.0705239325761795	-0.004060135688632727	0.08830216526985168
	0.00506041944026947	0.050164107233285904	0.08859646320343018	-0.18814966082572937	0.0025236704386770725
	0.29626789689064026	0.2172667384147644	-0.1746675670146942	-0.030880501493811607	0.0001481295912526548
	0.0024958939757198095	-0.1631966084241867	0.1208147332072258	0.08245401084423065	0.039611220359802246
	-0.2737859785556793	0.0017796499887481332	0.0006678477511741221	-0.19531233608722687	-0.17862559854984283
	-0.22858643531799316	0.10796154290437698	0.06626231968402863	-0.22865018248558044	0.10137749463319778
	0.20171259343624115	-0.2607761323451996	-0.22653120756149292	-0.15299992263317108	-0.173224538564682
	0.028963563963770866	-0.06736499816179276	0.15368203818798065	0.28657886385917664	-0.21082830429077148
	0.005807804875075817	0.0019637446384876966	-0.10711071640253067	-0.13472172617912292	0.15056921541690826
	0.20982544124126434	0.05496989190578461	-0.031102562323212624	0.1857466995716095	0.27639129757881165
	-0.3184174597263336	-0.2597501277923584	0.029442325234413147	-0.2725231647491455	-0.1969139277935028
	-0.13900646567344666	0.1662895530462265	0.14179061353206635	-0.24245259165763855	-0.2407020926475525
	-0.12911948561668396	0.07166051119565964	0.2563818693161011	0.2076430320739746	0.24403546750545502
	0.03794870898127556	0.00011291987902950495	-0.06144798547029495	-0.04906897619366646	0.0004953324678353965
	-0.20671063661575317	-0.1483887881040573	-0.03251837193965912	-0.12306047976016998	0.22058576345443726
	0.005208175629377365	-0.2032548189163208	-0.1112385019659996	-0.2735317647457123	-0.08106081932783127
	-0.21898524463176727	0.05516428500413895	-0.16648586094379425	0.11620111763477325	0.00889038760215044
	0.2728540599346161	0.22954080998897552	0.036279186606407166	0.0012081271270290017	0.17563101649284363
	0.11219994723796844	-0.12442773580551147	-0.008430739864706993	-0.19645154476165771	-0.1559879630804062
	-0.099246546626091	0.19167451560497284	-0.19796130061149597	0.1698562353849411	0.00017842157103586942
	0.2595684230327606	-0.128250852227211	0.022929251194000244	-0.19048479199409485	0.22486644983291626
	0.001549667096696794	-0.09692082554101944	0.27095332741737366	-0.03338674455881119	2.5092536816373467e-05
	3.081202885368839e-05	0.0002031095209531486	-0.2794611155986786	0.0662982165813446	-0.10703600943088531
	0.001277444651350379	-0.2292168140411377	-0.019387520849704742	0.0004761127638630569	-0.17253011465072632
	0.050770144909620285	0.17117814719676971	0.3339175879955292	-0.24717292189598083	0.0002139454591087997
	-0.005372785497456789	0.018345188349485397	-0.08431905508041382	0.00011525789886945859	-0.2566089332103729
	-0.12112941592931747	0.16184188425540924	0.21073734760284424	-0.020279645919799805	-0.02703126147389412
	-0.2614752948284149	0.22123663127422333	0.1546313762664795	0.0017413762398064137	-0.14945873618125916
	-0.010532294400036335	-0.20939011871814728	0.0011679179733619094	-0.04989994317293167	0.012075739912688732
	-0.22666381299495697	-0.06886009871959686	0.07843013107776642	-0.07355430722236633	0.0007589405286125839
	-0.1333964616060257	0.2080015242099762	0.16948823630809784	0.12012089043855667	-0.1404406726360321
	-0.10775259137153625	0.15137815475463867	0.20502910017967224	0.0006225123070180416	-0.014166384004056454
	-0.14972160756587982	-0.13866183161735535	0.020006291568279266	-0.13519881665706635	-0.29174795746803284
	0.0023291809484362602	-0.06198134645819664	-0.10461382567882538	-0.10423281788825989	0.11358222365379333
	-0.004647484514862299	0.211704283952713	0.005941603798419237	7.4953627517970745e-06	0.00010428093082737178
	0.017346270382404327	0.0001004712758003734	6.0163496527820826e-05	0.004634734243154526	-0.023793676868081093
	0.03129059821367264	-0.041293203830718994	-0.015905549749732018	0.03197985514998436	-0.020385589450597763
	-0.047897107899188995	-0.017961744219064713	-0.0036629782989621162	-0.021759623661637306	-0.004681337624788284
	0.025770248845219612	0.0334320142865181	0.03476779907941818	0.039825279265642166	0.01719019003212452
	-0.009393390268087387	-0.000982206780463457	0.00026132765924558043	0.0009129697573371232	0.0005837883218191564
	0.00035943539114668965	0.00029125550645403564	0.0001670077908784151	0.0001869408442871645	3.506813300191425e-05
	3.528252636897378e-05	-0.031092481687664986	0.0004302048764657229	0.0009132134728133678	0.0007886984967626631
	1.414525650034193e-05	1.85304870683467e-05	0.05821748822927475	-0.04094748944044113	-0.02331635169684887
	0.00022496737074106932	-0.00210856762714684	0.003049177583307028	0.0015582656487822533	0.00039572728564962745
	-0.006321026477962732	9.835437958827242e-05	0.04043992981314659	0.006925696507096291	0.0025922530330717564
	0.0009444309398531914	0.08001841604709625	0.00011173933307873085	-0.10896574705839157	0.1341068297624588
	-0.08450789004564285	-0.14065861701965332	-0.06133854016661644	0.08731850236654282	8.647186768939719e-05
	0.059074535965919495	0.030390840023756027	0.00024686724646016955	0.0004927469417452812	0.05814814567565918
	9.314995986642316e-05	0.047320663928985596	-0.07442052662372589	-0.03919437900185585	-0.0716094970703125
	0.07634857296943665	-0.0866415873169899	4.5513097575167194e-05	0.05411446467041969	6.911766104167327e-05
	-0.04850640147924423	0.021323515102267265	0.11307644844055176	0.1307612806558609	0.18143531680107117
	0.16130687296390533	0.09333528578281403	0.19681908190250397	0.14169390499591827	0.16286349296569824
	0.0922122672200203	0.0936635360121727	0.03277505934238434	-0.0003625804965849966	-0.035784583538770676
	-0.08625909686088562	-0.11155600845813751	-0.07585649192333221	-0.12715379893779755	-0.10646499693393707
	-0.13348184525966644	-0.13979539275169373	-0.14019428193569183	0.06272725015878677	-0.16583681106567383
	-0.14624162018299103	-0.18023496866226196	-0.05018145218491554	-0.14067018032073975	-0.20364919304847717
	0.04776706546545029	-0.15584610402584076	-0.09906549751758575	-0.07821014523506165	0.06716201454401016
	-0.1256072074174881	-0.22677548229694366	-0.26034069061279297	-0.13415591418743134	-0.12597082555294037
	-0.027367455884814262	0.01083076186478138	0.11819984763860703	-0.15879839658737183	-0.17291146516799927
	-0.0765584409236908	-0.23558571934700012	-0.21158447861671448	-0.2758391797542572	-0.303786963224411
	-0.33257803320884705	0.13898026943206787	-0.24626298248767853	-0.27786242961883545	-0.24632124602794647
	-0.2882384955883026	-0.11221865564584732	-0.3385699689388275	-0.34980443120002747	-0.295764297246933
	0.053135160356760025	0.12714487314224243	0.04933121055364609	-0.3293841779232025	-0.3172144889831543
	-0.03195373713970184	-0.2842313349246979	0.20432725548744202	-0.20626968145370483	-0.2785544991493225
	-0.25429567694664	-0.21955989301204681	0.06900230050086975	0.17935380339622498	-0.017954353243112564
	0.19924010336399078	0.25078368186950684	0.059967827051877975	-0.020214932039380074	-0.15745705366134644
	-0.22634005546569824	-0.16638243198394775	-0.24307164549827576	-0.1870841085910797	-0.05212361738085747
	-0.02217947132885456	-0.08291613310575485	0.040160246193408966	0.1153942421078682	0.15343430638313293
	0.226276233792305	0.2412404716014862	0.28007182478904724	0.08857305347919464	0.27334824204444885
	0.285297691822052	0.27018648386001587	0.2459501177072525	0.24210816621780396	0.1840982586145401
	0.17488105595111847	0.0645853579044342	0.10446429997682571	0.042678102850914	0.006888997741043568
	-0.0680813416838646	0.06373480707406998	0.19563539326190948	-0.06965894997119904	-0.05739067122340202
	-0.019051343202590942	-0.175183966755867	-0.0985502377152443	-0.08272815495729446	0.2828214466571808
	0.06493942439556122	-0.1854296177625656	-0.24827077984809875	-0.22750021517276764	0.23328132927417755
	-0.07816287130117416	-0.2720608711242676	-0.27561435103416443	-0.2587081789970398	-0.021213598549365997
	0.22601985931396484	0.25869858264923096	0.02778281830251217	-0.2499394714832306	-0.12657666206359863
	-0.1302846372127533	0.12160128355026245	0.029480664059519768	-0.3302554488182068	-0.051907047629356384
	0.11276169866323471	0.24458345770835876	0.15058034658432007	-0.22985729575157166	-0.23841693997383118
	-0.16571708023548126	0.22195778787136078	0.2105286419391632	-0.15960220992565155	-0.29110103845596313
	-0.2148822844028473	-0.013791050761938095	0.006031304597854614	0.13842566311359406	0.1983031928539276
	0.2519797086715698	0.3092861771583557	0.32490476965904236	0.3502800762653351	0.3405088186264038
	0.33250677585601807	0.3193304240703583	0.28363174200057983	0.27303317189216614	0.2015378624200821
	-0.07386384159326553	0.17148065567016602	0.07148671895265579	0.12034417688846588	0.012177751399576664
	0.028152404353022575	0.03280789777636528	0.07781098037958145	0.11702043563127518	0.018468037247657776
	0.055172860622406006	0.011638340540230274	0.037107910960912704	-0.04055324196815491	0.1006108969449997
	0.11141090840101242	0.00590403750538826	0.024141456931829453	0.04465518891811371	0.030907055363059044
	0.03944822773337364	0.02749941498041153	0.021476758643984795	0.019894292578101158	0.015473629347980022
	0.015172295272350311	0.016749760136008263	0.013141479343175888	0.011194189079105854	0.00981119368225336
	0.008120334707200527	0.007219259161502123	0.012950611300766468	0.00784872192889452	0.005812938790768385
	0.005122794304043055	0.004302158951759338	0.0036481614224612713	0.003143555950373411	0.0033528932835906744
	0.002520775655284524	0.002255268394947052	0.0018571231048554182	0.0015814979560673237	0.0013412972912192345
	0.001403538160957396	0.0010634309146553278	0.0009491856908425689	0.000752986641600728	0.2546883821487427
	0.0007580193341709673	0.0005623773904517293	0.0005175619735382497	0.00040873148827813566	0.00036625939537771046
	0.0002841752429958433	0.00031442337785847485	0.057297106832265854	-0.08255994319915771	-0.12512129545211792
	0.3308943510055542	0.032710347324609756	0.00024625175865367055	0.0001948954159161076	0.0057110353372991085
	0.012089611031115055	0.0005398011417128146	0.00042926135938614607	0.002372904447838664	0.05926937982439995
	0.0030387856531888247	0.22461143136024475	0.13700911402702332	0.2736389935016632	0.2246139943599701
	-0.07318475097417831	-0.18815836310386658	-0.2074132263660431	-0.27903619408607483	-0.25397467613220215
	-0.29139620065689087	-0.310245156288147	0.11144408583641052	-0.025482671335339546	0.004091855138540268
	0.009181424975395203	-0.04006319120526314	-0.10428879410028458	-0.11803317070007324	0.045755334198474884
	-0.05147266387939453	0.008278584107756615	0.005788416601717472	0.10516314208507538	-0.2602299749851227
	-0.2451631724834442	0.019020462408661842	-0.013515207916498184	0.0618097260594368	-0.13854703307151794
	-0.07032877206802368	0.09385672211647034	0.17230254411697388	0.18786025047302246	0.0001538460492156446
	0.0038394241128116846	0.0027534898836165667	0.15002316236495972	0.08606825768947601	-0.05912800505757332
	0.007223444990813732	0.008316008374094963	-0.1693074256181717	-0.02981002815067768	-0.06979958713054657
	0.1347876936197281	0.17158333957195282	0.0017439794028177857	0.0011290005641058087	0.21541595458984375
	0.21200840175151825	0.30740979313850403	0.0006911733653396368	0.005666850600391626	-0.1737014353275299
	-0.18379060924053192	-0.2250085026025772	0.19352969527244568	0.0174458846449852	0.2107374519109726
	-0.1721627563238144	-0.1955375075340271	0.17677760124206543	0.003404608927667141	0.06527891755104065
	-0.05474184826016426	0.17278355360031128	0.2717428207397461	0.0001638150861253962	-0.18445375561714172
	0.013047273270785809	-0.04386238753795624	-0.10448038578033447	0.11768022179603577	-0.12623438239097595
	-0.23536445200443268	-0.21337547898292542	-0.23786169290542603	-0.20984244346618652	0.011433158069849014
	-0.07478710263967514	0.013149644248187542	0.05756457522511482	0.11676204204559326	-0.004230579361319542
	0.10436150431632996	0.16826917231082916	0.15318159759044647	0.06424202024936676	0.16210870444774628
	0.20525474846363068	-0.275724858045578	-0.27868738770484924	-0.03749440237879753	-0.0049231345765292645
	-0.2642109990119934	-0.2630990445613861	-0.0858614519238472	0.1393875777721405	0.2331082671880722
	0.18287868797779083	-0.0929565504193306	-0.15536342561244965	-0.19275914132595062	-0.1928454041481018
	-0.03047247789800167	-0.09274651855230331	-0.046630699187517166	-0.17307128012180328	0.09171228855848312
	0.1744532287120819	0.026314271613955498	0.08006459474563599	0.002508532954379916	0.0532541424036026
	0.13995938003063202	0.07614946365356445	0.14822737872600555	0.1321219801902771	0.0875723659992218
	0.09251634776592255	0.1976550966501236	0.21057206392288208	0.2515214681625366	-0.31987935304641724
	-0.12088888138532639	0.021480241790413857	-0.14553700387477875	-0.03715803474187851	-0.018117699772119522
	0.0069741494953632355	-0.08803623914718628	-0.17103052139282227	-0.12705276906490326	-0.20240768790245056
	-0.060625214129686356	-0.10563694685697556	-0.05368027091026306	0.020195188000798225	0.033614352345466614
	0.17088264226913452	0.13453517854213715	-0.14254653453826904	-0.03525858372449875	-0.21614067256450653
	0.12462440133094788	-0.055683329701423645	-0.05673868954181671	-0.07934088259935379	0.007415633648633957
	-0.07734816521406174	-0.15967968106269836	0.10932141542434692	-0.07009164243936539	0.008745483122766018
	0.028598405420780182	-0.18921329081058502	-0.16817159950733185	0.1706257462501526	0.22738079726696014
	-0.12996812164783478	-0.1212405413389206	0.25038155913352966	0.2036423236131668	-0.17047786712646484
	-0.23704977333545685	-0.20507869124412537	-0.08645452558994293	-0.10189983993768692	-0.2803001403808594
	-0.20614002645015717	-0.08573180437088013	0.13861088454723358	0.02829037606716156	-0.09022167325019836
	-0.13645412027835846	0.0808548703789711	0.2310166358947754	-0.10143870860338211	-0.06576705724000931
	-0.13366079330444336	-0.09708238393068314	-0.11722296476364136	-0.16938339173793793	-0.0012284473050385714
	0.03643789887428284	0.09361084550619125	0.07174842059612274	0.10772758722305298	0.15191325545310974
	0.06937974691390991	0.1324906051158905	-0.022766312584280968	0.003008302766829729	0.18277965486049652
	0.2356058955192566	0.019072581082582474	-0.14639295637607574	-0.18288704752922058	-0.1724916696548462
	-0.08647818118333817	0.0001321841700701043	0.00014521116099786013	0.18317635357379913	0.12434190511703491
	0.07456067949533463	0.09793798625469208	0.004829966928809881	0.10785865038633347	0.0394662544131279
	0.06424664705991745	0.04663987085223198	-0.08568841964006424	0.18086618185043335	-0.3021933138370514
	-0.0212781373411417	-0.008851991035044193	-0.11718567460775375	0.004545972216874361	-0.15495511889457703
	-0.2377956360578537	-0.08653824776411057	-0.2461591511964798	0.005157815292477608	0.0028271798510104418
	0.147644504904747	-0.08742346614599228	0.020114250481128693	0.013393205590546131	0.001308340928517282
	0.17172493040561676	0.19738100469112396	0.2200784683227539	-0.09637151658535004	-0.08359020948410034
	0.2494521141052246	0.0866728127002716	9.778506500879303e-05	0.00010343905159970745	4.844992145081051e-05
	0.00010943794040940702	0.00016676307132001966	0.0001804791681934148	0.00019703421276062727	0.000285055284621194
	0.00011102268763352185	0.00013631457113660872	6.260848022066057e-05	-0.10527738928794861	0.00027382513508200645
	-0.05146782472729683	-0.0833837017416954	0.0009929160587489605	0.0012839148985221982	0.0007806010544300079
	0.0006474238471128047	0.0007093886379152536	0.000394919712562114	0.0001823812781367451	0.00015581576735712588
	0.0007254291558638215	0.001749853603541851	0.0011403884273022413	0.0004869881959166378	0.00028271746123209596
	0.001217489829286933	0.0007828155066817999	0.0009568788227625191	0.004665319807827473	0.00039687685784883797
	0.054127100855112076	0.001819348195567727	0.0010841133771464229	0.0026261399034410715	0.004395327065140009
	0.01027223002165556	0.005815326701849699	0.0038095347117632627	0.00020382118236739188	0.0036144296173006296
	0.008840859867632389	0.018646003678441048	8.519404218532145e-05	0.005896870046854019	-0.28468912839889526
	0.0802098959684372	0.01129201427102089	0.023349035531282425	0.0017530631739646196	-0.02344520576298237
	9.335897630080581e-05	0.01639856956899166	0.22876526415348053	0.08096744865179062	0.10401396453380585
	-0.13107171654701233	-0.1004686951637268	-0.03503471612930298	0.0070834653452038765	-0.0058082956820726395
	0.0016069564735516906	0.1961866021156311	0.06676653027534485	0.001744933077134192	0.22828613221645355
	0.02378503978252411	-0.20556585490703583	0.029453326016664505	0.09655965864658356	-0.056663691997528076
	0.07090814411640167	0.09357818961143494	0.032361604273319244	0.1320687234401703	0.00044426467502489686
	4.4701224396703765e-05	-0.1750144362449646	0.0007167778094299138	0.11439817398786545	-0.059387095272541046
	0.16121679544448853	-0.05374728515744209	-0.08351802825927734	0.08316006511449814	0.2710646092891693
	0.1498127430677414	0.14051248133182526	0.005147191695868969	-0.002856094855815172	0.08880925923585892
	-0.19335909187793732	-0.0122665511444211	0.20354415476322174	0.10222061723470688	-0.20487113296985626
	-0.22478166222572327	-0.12239715456962585	-0.13148155808448792	-0.07630254328250885	0.09707240760326385
	-0.19580945372581482	0.005145128816366196	-0.2350800484418869	-0.1681165248155594	0.0884895771741867
	0.0035631852224469185	0.00024311791639775038	0.30651262402534485	0.2410343736410141	0.19584809243679047
	-0.16821907460689545	-0.03664252534508705	-0.1626446545124054	0.12079478800296783	0.08592789620161057
	-0.2737841010093689	-0.1813390702009201	-0.2200109213590622	0.0020408835262060165	0.0022004712373018265
	0.06721992045640945	0.10309708118438721	-0.18831275403499603	-0.26074013113975525	-0.22097128629684448
	-0.14681121706962585	-0.09163739532232285	0.009179101325571537	-0.06108030676841736	0.16595079004764557
	0.002262284979224205	0.28933122754096985	-0.21401774883270264	-0.10266969352960587	-0.003081412287428975
	-0.13500282168388367	0.14081193506717682	0.21208447217941284	-0.21042118966579437	-0.023810848593711853
	0.18413802981376648	0.00035670114448294044	-0.3184448778629303	-0.25970694422721863	-0.12655691802501678
	0.02309918962419033	-0.2634606957435608	0.28711098432540894	-0.18529962003231049	-0.14732208847999573
	0.17247043550014496	0.14626607298851013	-0.24244403839111328	-0.13359755277633667	0.04413847625255585
	0.06460630148649216	0.25642165541648865	0.2125808149576187	0.00042206887155771255	0.23957177996635437
	0.045292336493730545	-0.06934274733066559	4.519690992310643e-05	-0.24134986102581024	-0.20672526955604553
	-0.2378753274679184	0.005719153676182032	0.044748250395059586	-0.026018721982836723	-0.1168101355433464
	0.22000053524971008	-0.10131720453500748	-0.2672053873538971	-0.08254729211330414	-0.2242392599582672
	0.05658131092786789	-0.07336743175983429	0.10980111360549927	0.009303050115704536	0.08734484761953354
	0.270454466342926	0.23260214924812317	0.0005037836381234229	0.043791987001895905	0.13624678552150726
	0.10808463394641876	-0.13926847279071808	-0.01106321718543768	7.363953773165122e-05	-0.15607555210590363
	9.646581020206213e-05	-0.10516204684972763	0.1913926899433136	0.001718053943477571	0.0015471747610718012
	-0.19488154351711273	0.1710662990808487	0.26078730821609497	-0.1086825281381607	-0.193606436252594
	0.0010647069429978728	0.032685838639736176	0.0005179744330234826	-0.20564939081668854	0.22655417025089264
	0.0015702942619100213	-0.11262214928865433	0.26651495695114136	2.4933426175266504e-05	-0.028209799900650978
	3.154567821184173e-05	-0.28326472640037537	0.0645502433180809	-0.1099523976445198	-0.22922635078430176
	-0.014361187815666199	-0.17569461464881897	0.04985838010907173	0.17691539227962494	0.32883086800575256
	-0.022034546360373497	-0.08160987496376038	-0.25195276737213135	0.0002331489376956597	-0.1211351826786995
	0.0007168169249780476	0.15777675807476044	0.2105717957019806	-0.01950978673994541	-0.040097493678331375
	-0.2615705728530884	0.015129338018596172	0.21033263206481934	-0.012199103832244873	0.1633601188659668
	0.00016844201309140772	-0.15061689913272858	-0.20939801633358002	-0.0576910600066185	-0.22863660752773285
	-0.06611844897270203	0.0017468942096456885	0.06385646760463715	0.1305992752313614	-0.1420784592628479
	0.068923719227314	-0.053704336285591125	0.0008480448159389198	0.12025357037782669	-0.13823416829109192
	0.21361863613128662	0.16165107488632202	0.125980943441391	-0.15835121273994446	0.014941620640456676
	0.14599189162254333	0.2159777730703354	-0.007815173827111721	0.18326619267463684	0.002741785254329443
	-0.14254091680049896	-0.1367007941007614	0.19458647072315216	-0.28474360704421997	-0.07176654040813446
	-0.09654049575328827	-0.10610125213861465	1.3167555152904242e-05	1.4203513273969293e-05	0.000101511410321109
	0.00010178273805649951	8.2955535617657e-05	5.636937203234993e-05	8.330915443366393e-05	5.6387489166809246e-05
	0.02985394559800625	-0.06067081540822983	0.013324366882443428	-0.05248614400625229	0.03425560146570206
	-0.005293832626193762	-0.03206481412053108	0.04722427576780319	0.05008458346128464	-0.0093265101313591
	-0.05035518854856491	0.030617251992225647	-0.006718137301504612	0.0442141592502594	-0.04497449845075607
	0.009113011881709099	0.05617622286081314	-0.052097138017416	-0.05228416249155998	0.05176108703017235
	0.04906711354851723	0.020300019532442093	-0.05854760855436325	-0.053546857088804245	-0.06032462790608406
	-0.0696522518992424	-0.06786210834980011	-0.06098657846450806	-0.05291900411248207	-0.049598272889852524
	-0.022587347775697708	-0.024730391800403595	0.001347558107227087	-0.000762753828894347	0.025619590654969215
	0.027523459866642952	0.04635194316506386	0.038129523396492004	0.04382796213030815	0.06165426969528198
	0.07273182272911072	0.06553854793310165	0.043954893946647644	0.05704721808433533	0.042611014097929
	0.029387949034571648	0.0164035614579916	0.022799639031291008	-0.0011442601680755615	-0.0025596986524760723
	-0.02339322119951248	-0.021136676892638206	-0.03787646070122719	-0.045900505036115646	-0.05464129149913788
	-0.04607408866286278	-0.0591367706656456	-0.06498721241950989	-0.05706906318664551	-0.05246927589178085
	-0.044336460530757904	-0.036180831491947174	-0.021729091182351112	-0.019049568101763725	0.0014496082440018654
	0.0015420586569234729	0.029471149668097496	0.020858777686953545	0.044447753578424454	0.05937693640589714
	-0.05880828946828842	0.05504597723484039	-0.042666997760534286	-0.03524060547351837	0.05069660022854805
	0.02382246032357216	-0.05530986934900284	0.06694871932268143	0.05525299161672592	0.07487539201974869
	0.06299798935651779	0.05020134896039963	0.04494527727365494	-0.04133034870028496	0.05254516005516052
	-0.06234484910964966	-0.02542547695338726	-0.05043931305408478	-0.08658471703529358	-0.05882831662893295
	-0.04347030818462372	-0.02146875485777855	0.0018253116868436337	0.06475343555212021	0.04397962987422943
	0.02915872260928154	-0.0013073921436443925	0.021022675558924675	0.0009319877717643976	-0.026079842820763588
	-0.013606073334813118	0.044677406549453735	-0.041975848376750946	0.031525373458862305	0.0631764754652977
	-0.03801725059747696	-0.023495648056268692	0.04033452272415161	0.04553573951125145	0.01595710590481758
	0.0006825666059739888	-0.022158082574605942	-0.04174674302339554	-0.028026986867189407	-0.041233133524656296
	0.010227244347333908	0.05294302478432655	0.0483546108007431	-0.07092750817537308	-0.045550666749477386
	-0.05163215473294258	-0.05760106071829796	-0.0317423976957798	-0.02383611723780632	-0.0011315220035612583
	0.0001869515108410269	0.02766535058617592	0.03930899128317833	0.012806636281311512	4.607519804267213e-05
	-0.03539108484983444	0.044552795588970184	0.046150341629981995	0.041751567274332047	0.01393128652125597
	0.05069364607334137	0.04426145181059837	0.033711180090904236	0.04439152777194977	-0.04868365079164505
	0.0023261408787220716	0.024261776357889175	0.04341248422861099	0.029651308432221413	0.034879427403211594
	-0.05938149243593216	-0.04970773681998253	-0.054511770606040955	-0.023627545684576035	-0.014542090706527233
	0.013160282745957375	0.06177571043372154	-0.057411547750234604	0.03989885002374649	0.04699338600039482
	0.058307990431785583	-0.056907109916210175	-0.02031424455344677	-0.051408473402261734	-0.025799494236707687
	0.07163707166910172	-0.04460923373699188	0.029282892122864723	-0.044811148196458817	0.04311681538820267
	-0.0014899419620633125	0.046643685549497604	-0.059047237038612366	-0.05799109488725662	0.050856735557317734
	-0.035405971109867096	0.02279849164187908	0.05111738294363022	-0.03622922673821449	-0.047352664172649384
	-0.05193697288632393	-0.00020537410455290228	0.022944653406739235	-0.02441898174583912	0.022835079580545425
	0.04843747615814209	0.06438765674829483	-0.003572616493329406	-0.051770225167274475	-0.03992770239710808
	-0.022309130057692528	0.0651649534702301	0.010137449949979782	-0.003918469417840242	0.03789061680436134
	0.04866170883178711	0.0195474810898304	-0.026093415915966034	0.05545594170689583	0.03560885414481163
	-0.05076172947883606	-0.007185967639088631	0.06416299194097519	0.037798598408699036	0.07847707718610764
	-0.08108986914157867	-0.040090467780828476	0.04831474646925926	0.03144179657101631	-0.07533900439739227
	-0.01814122498035431	-0.07881275564432144	0.011003479361534119	0.07106519490480423	-0.0640755370259285
	0.07233889400959015	-0.04588024318218231	-0.07843339443206787	-0.01690116710960865	0.005840618163347244
	-0.06823398172855377	-0.03141659498214722	0.04718661308288574	0.03350871801376343	0.07167491316795349
	0.061483029276132584	0.08145444840192795	0.0829942598938942	0.08386330306529999	0.07657933235168457
	0.06375623494386673	0.06680437922477722	0.05286896973848343	-0.04931465536355972	-0.06481891870498657
	-0.05656895041465759	-0.07491817325353622	-0.07674872130155563	-0.07551880180835724	0.04431046172976494
	0.015834596008062363	0.01022627018392086	-0.012504074722528458	-0.016535235568881035	-0.04037438705563545
	-0.035696592181921005	-0.068540558218956	0.06356016546487808	-0.06385752558708191	-0.06020991504192352
	-0.03333408012986183	-0.04543803632259369	-0.0268478412181139	-0.0015705176629126072	0.015588941052556038
	0.031626392155885696	0.04629526287317276	0.03249960392713547	0.059903886169195175	0.0598185732960701
	0.0667065754532814	0.06815825402736664	0.0639471486210823	0.054877396672964096	0.046083323657512665
	0.025007693096995354	0.06798524409532547	0.02540583163499832	0.002774172928184271	-0.011946202255785465
	-0.01776500977575779	-0.03544331714510918	-0.0612051859498024	-0.05280018970370293	-0.06430763006210327
	-0.07233317196369171	-0.0847090482711792	0.051609303802251816	0.01751582883298397	-0.010422581806778908
	-0.07342257350683212	-0.07679741084575653	-0.0738803893327713	-0.08113271743059158	-0.05723981559276581
	-0.024837326258420944	0.06729060411453247	-0.06674215197563171	0.01886555925011635	0.04700228199362755
	-0.04725059121847153	0.008807724341750145	-0.03895482048392296	-0.049593549221754074	-0.04201639071106911
	0.029358532279729843	-0.06890802085399628	-0.03002670221030712	0.0037040014285594225	0.047187063843011856
	0.02322291024029255	0.05857272446155548	0.07285580039024353	0.04408678784966469	0.06593438982963562
	0.042751528322696686	0.01855817437171936	-0.008566273376345634	-0.025815719738602638	-0.054544709622859955
	-0.07937073707580566	0.05572904273867607	0.07792413234710693	-0.03364018723368645	0.043421294540166855
	-0.027025191113352776	0.03713415935635567	0.0782153382897377	-0.0722528025507927	0.05935535207390785
	-0.05514596402645111	-0.05889485031366348	-0.06277041137218475	0.06364542245864868	-0.0669812560081482
	-0.06040894612669945	0.03400744870305061	-0.012347128242254257	-0.09716229140758514	0.02167871594429016
	-0.020916664972901344	-0.0219267625361681	0.012020115740597248	0.003664514049887657	-0.08888493478298187
	0.05726109817624092	0.061424653977155685	-0.07494358718395233	-0.04019701108336449	-0.14766129851341248
	0.24461078643798828	0.12252180278301239	0.12785108387470245	0.05718213692307472	-0.24585580825805664
	-0.2099999338388443	-0.04662603512406349	0.19574636220932007	-0.0435127355158329	0.02529851347208023
	-0.2266782820224762	0.24554795026779175	-0.19781439006328583	0.16050761938095093	0.25234079360961914
	-0.10183916240930557	0.159092515707016	0.13430656492710114	-0.2596141993999481	0.09153232723474503
	-0.03239593654870987	0.10309720784425735	-0.26178213953971863	-0.10999457538127899	0.14358213543891907
	0.15875063836574554	-0.015194320119917393	0.17155447602272034	-0.19254133105278015	-0.19897279143333435
	-0.16111835837364197	-0.17507055401802063	-0.11078272759914398	0.19276970624923706	-0.05181673541665077
	0.040536243468523026	0.08576317876577377	-0.1586475819349289	0.03653933107852936	0.1362345814704895
	0.143656924366951	-0.1618002951145172	0.026718376204371452	-0.009570793248713017	0.2702013850212097
	-0.11638589203357697	0.05107634514570236	-0.13287492096424103	0.253105491399765	0.24579036235809326
	-0.15082433819770813	0.1679961234331131	-0.12088527530431747	-0.19246160984039307	-0.0618380568921566
	-0.22557148337364197	0.1668367236852646	0.04569622501730919	0.09710006415843964	-0.006575652398169041
	-0.11847913265228271	0.1023043543100357	0.20949339866638184	-0.27897459268569946	-0.20801815390586853
	0.15972687304019928	-0.20622816681861877	-0.33617889881134033	-0.16039130091667175	0.13218195736408234
	-0.001753297634422779	0.28032568097114563	0.3361699879169464	0.030625082552433014	0.03003695048391819
	-0.15596355497837067	0.13918188214302063	0.1134016290307045	-0.07162195444107056	-0.17225874960422516
	0.08699068427085876	-0.07360430806875229	0.07615490257740021	0.12118003517389297	-0.047590360045433044
	0.15161584317684174	-0.1519046425819397	0.139187291264534	0.009951014071702957	-0.10471177846193314
	-0.19343292713165283	-0.17562513053417206	-0.2993028461933136	0.1419694572687149	0.02741137333214283
	0.13837271928787231	0.12850704789161682	-0.045777469873428345	0.060011785477399826	0.20892895758152008
	-0.1906021386384964	-0.10931470990180969	0.13881364464759827	0.011785920709371567	0.13218477368354797
	0.15016095340251923	-0.0014679348096251488	-0.15469300746917725	0.2057575136423111	0.1294417530298233
	-0.31407976150512695	-0.256813645362854	0.08423034846782684	-0.24727857112884521	0.07332903146743774
	0.11588269472122192	-0.03051993064582348	0.11287993937730789	0.12709197402000427	-0.029645055532455444
	-0.18829651176929474	0.07887887954711914	-0.14596913754940033	-0.04600941762328148	-0.1627018302679062
	0.22207684814929962	-0.24727460741996765	-0.041719019412994385	-0.07749058306217194	-0.027956536039710045
	0.0982319712638855	0.07492505759000778	-0.1523965448141098	0.2613936960697174	-0.0332278236746788
	-0.16617223620414734	-0.007892788387835026	-0.007398929912596941	-0.04630819335579872	-0.02387090213596821
	-0.007996020838618279	0.024647530168294907	-0.01867937110364437	0.2989223897457123	0.14830926060676575
	0.24573452770709991	-0.1119433045387268	-0.34323516488075256	0.07659389823675156	0.2035183608531952
	-0.16019204258918762	-0.12333701550960541	-0.2900294363498688	0.07341424375772476	-0.2487345039844513
	-0.12086198478937149	-0.14788217842578888	0.1267034113407135	-0.2719317376613617	-0.13727623224258423
	0.11257345974445343	-0.1321418285369873	-0.15309704840183258	-0.24559812247753143	-0.031106600537896156
	0.10469872504472733	0.06046515703201294	0.0891859382390976	-0.13840970396995544	-0.06429178267717361
	0.196546733379364	0.20428332686424255	-0.05511776730418205	0.07862994819879532	-0.03371454402804375
	-0.07063937932252884	-0.08234632760286331	0.01610889844596386	0.29658830165863037	0.09526628255844116
	0.2063414454460144	-0.09514015913009644	-0.07643962651491165	0.11751865595579147	0.041613124310970306
	-0.16078993678092957	-0.11720751225948334	-0.2660858631134033	0.2817508280277252	0.11618411540985107
	0.11905069649219513	-0.26505473256111145	-0.1719629168510437	0.15062063932418823	-0.14577527344226837
	0.03583246096968651	0.120435930788517	-0.13108818233013153	0.0666499212384224	-0.2319481074810028
	-0.22030511498451233	0.08845945447683334	-0.31501176953315735	-0.1363971084356308	-0.13230015337467194
	0.13356807827949524	-0.12465155124664307	-0.05623939633369446	-0.1668674200773239	0.1546008288860321
	-0.17214936017990112	-0.0946054756641388	-0.12368908524513245	-0.15286824107170105	0.20235124230384827
	-0.05873695760965347	-0.23980624973773956	0.227240189909935	0.091026172041893	-0.13273309171199799
	0.21587592363357544	0.22643789649009705	-0.06949980556964874	0.027379265055060387	0.1625724732875824
	0.022714264690876007	0.08360658586025238	0.11321417987346649	-0.2816418707370758	0.06249086558818817
	0.034825414419174194	0.023424169048666954	-0.08801188319921494	0.15748177468776703	-0.2960372567176819
	-0.16667477786540985	-0.17080147564411163	-0.22507475316524506	0.19747258722782135	-0.014850117266178131
	-0.08733617514371872	-0.2626284956932068	-0.10717939585447311	-0.25936999917030334	-0.037948161363601685
	0.07318950444459915	0.0076559120789170265	0.3439198136329651	0.10503620654344559	-0.25841426849365234
	0.19820758700370789	0.02298908308148384	0.11449030786752701	-0.12126191705465317	0.07499898970127106
	-0.13029241561889648	0.17022930085659027	0.1979609876871109	0.22909754514694214	0.15790437161922455
	-0.24761846661567688	-0.10974717885255814	0.055775970220565796	0.002940698992460966	-0.11147157847881317
	-0.07083112746477127	0.19042426347732544	0.06346004456281662	-0.17393775284290314	0.20622117817401886
	0.04072669520974159	-0.10111858695745468	0.24069909751415253	-0.040061622858047485	0.1279735267162323
	-0.15938560664653778	-0.18615977466106415	-0.13386429846286774	0.09975576400756836	-0.2286846786737442
	-0.27576273679733276	0.23498469591140747	-0.09335453808307648	-0.19046609103679657	-0.12035750597715378
	-0.07424518465995789	0.06972143799066544	0.05472966283559799	-0.01870443858206272	-0.23529119789600372
	-0.13768619298934937	0.08213495463132858	0.14059609174728394	0.13353696465492249	-0.02806219272315502
	-0.1320182830095291	-0.27230557799339294	-0.10765007138252258	0.1415877640247345	-0.10178697854280472
	-0.09207544475793839	-0.12993861734867096	0.24982522428035736	0.1663249433040619	-0.17015521228313446
	0.16041751205921173	-0.05245131254196167	0.19462311267852783	0.11617881059646606	-0.0611167810857296
	0.10977707803249359	-0.06145340949296951	-0.17032253742218018	-0.04527556896209717	-0.08200696110725403
	-0.14790701866149902	0.010541928000748158	-0.13117970526218414	-0.15140274167060852	-0.24047094583511353
	-0.2645130455493927	-0.004281728062778711	-0.02640177309513092	-0.2853701114654541	-0.08016800135374069
	-0.11437031626701355	0.21354882419109344	-0.1018323078751564	0.187062069773674	0.30750977993011475
	-0.0748722180724144	0.039759695529937744	0.008632268756628036	0.2317531704902649	0.27746671438217163
	0.04682416468858719	-0.22083891928195953	-0.1645543873310089	-0.04985624551773071	-0.046810247004032135
	-0.053970374166965485	-0.27973341941833496	0.055911995470523834	0.04582400992512703	0.036100368946790695
	0.09312274307012558	0.08139217644929886	0.21429656445980072	-0.21991583704948425	-0.020754728466272354
	0.14702670276165009	-0.07238417863845825	0.08839958161115646	0.06420376896858215	-0.31420257687568665
	-0.1153622567653656	0.21610090136528015	0.19238229095935822	-0.25117918848991394	-0.05842020362615585
	-0.20433200895786285	-0.28011828660964966	-0.2243320643901825	0.2219197005033493	0.19600346684455872
	-0.11822551488876343	-0.26490163803100586	0.009899643249809742	0.27190065383911133	-0.10188383609056473
	0.13058960437774658	0.14907395839691162	0.28087636828422546	-0.06415173411369324	0.05807666853070259
	0.17797762155532837	-0.14880679547786713	0.2553464472293854	0.0426369234919548	0.13258090615272522
	0.08676714450120926	0.0738782212138176	0.02154470421373844	-0.11114902794361115	0.07626451551914215
