2690	
	8.294244253193028e-06	-1.9565288312151097e-05	2.350376234971918e-05	-5.8311678003519773e-05	-5.6413362869989214e-09
	-2.8151190267777793e-09	-6.647506545220949e-09	3.386739990673959e-05	-9.127282964982442e-07	3.9016709307837516e-10
	8.462787081953138e-05	7.499648199882358e-05	-3.0015020456630737e-05	-1.2089082702004816e-05	3.982340786023997e-06
	-1.7741782585289911e-06	-5.657032488670666e-06	-5.9533194871619344e-05	-4.4209569750819355e-05	-4.514295869739726e-05
	-4.004181391792372e-06	2.7483289159135893e-05	-4.6051085519138724e-05	-2.530090932850726e-05	2.6470330340089276e-05
	-1.2144955690018833e-05	-6.834765827079536e-06	5.216804129304364e-05	4.812449697055854e-05	5.401583985076286e-05
	-2.974063818328432e-06	1.9442330085439608e-05	1.935757063620258e-05	3.575451046344824e-05	4.516720218816772e-05
	3.3462903957115486e-05	9.817627869779244e-06	-3.84618469979614e-05	-1.949794022948481e-05	2.4854258299455978e-05
	-5.741721543017775e-05	-9.719363333715592e-06	5.036394577473402e-05	4.5874992792960256e-05	1.3326854059414472e-05
	-6.010620381857734e-06	-1.9392635294934735e-05	-6.103232590248808e-05	5.445537681225687e-05	-3.1248684535967186e-05
	-3.138814645353705e-05	-1.581565447850153e-05	-7.401376024063211e-06	-3.955307420255849e-06	-8.99655424291268e-06
	-4.915601493848953e-06	-2.347290092075127e-06	-2.5148927385032493e-09	-4.60683269309925e-09	-7.205532597254205e-07
	-3.9247672134479217e-07	-3.695994621466525e-07	-1.9020914976408676e-07	-3.581070018299215e-08	3.6534672176458116e-08
	2.4223947292512094e-08	-3.711437202014167e-08	6.537498542513731e-09	-2.491933237536159e-08	-1.2895894130338093e-08
	-1.1538058508619997e-08	4.0850192672969854e-10	3.6713756479400672e-09	7.171336413591689e-09	4.908398295810912e-06
	-2.9496186471078545e-05	-9.302629041485488e-05	-7.18137453077361e-05	-3.53711329807993e-05	3.3744669053703547e-05
	2.9567810997832566e-05	-1.9138524294248782e-05	5.6353179388679564e-05	3.426388866500929e-05	-3.710899181896821e-05
	-6.2562532548327e-05	1.421204251528252e-05	1.3934391063230578e-05	1.6703721485100687e-05	0.00011053368507418782
	4.977305434294976e-05	7.906938117230311e-05	5.091066122986376e-05	-2.9372642529779114e-05	6.240589300432475e-06
	1.0245407793263439e-05	1.1532822099979967e-05	4.8795172915561125e-06	2.740227728281752e-06	3.8271699054348574e-07
	-3.310078682261519e-07	6.502918949990999e-07	5.125089046487119e-07	3.8469644891847565e-07	2.409457238172763e-07
	6.934664753543984e-08	-3.325042641222353e-08	1.1960916701525548e-08	1.0704275688055986e-08	3.7186247414666695e-09
	-9.442074677679102e-09	1.1020969026276362e-08	7.436115279091382e-09	-7.149373232095968e-06	-4.2752621084218845e-05
	-5.323956429492682e-05	-2.3600323402206413e-06	-2.8026788641000167e-05	-2.323267608517199e-06	-1.939089452207554e-05
	1.4554773770214524e-05	2.4346925783902407e-05	-2.8685737561318092e-05	-3.6331548471935093e-05	-5.950691775069572e-05
	-4.308596544433385e-05	8.059640822466463e-05	2.2852847905596718e-05	0.00013941474026069045	0.00013221682456787676
	2.487747224222403e-05	1.906759644043632e-05	9.722853064886294e-06	7.609166914335219e-06	5.452376626635669e-06
	2.395001729382784e-06	-1.9091788772129803e-07	6.380813033501909e-07	-1.869498191808816e-07	-3.978612994615105e-07
	-1.887571698944157e-07	-4.018208699108072e-08	8.001416063052602e-08	1.351108664948697e-07	-1.2052552733621269e-08
	-2.0819589607867783e-08	-6.956626208420857e-08	2.4776820595207028e-08	5.197880792451315e-09	-2.1067528166440752e-08
	-8.188961730937194e-10	-1.2931521631287524e-08	4.747728876708379e-09	1.1465655980202882e-08	6.970085397739467e-09
	1.367255375583909e-08	-5.355976995247147e-09	-2.184297631657728e-09	-7.008486013759807e-10	3.815676609519869e-05
	-3.945592834497802e-05	-0.0001009086481644772	-9.870668145595118e-05	1.9743965822272003e-05	-3.1659583328291774e-05
	2.5059918698389083e-05	5.7613397075328976e-05	-5.505092485691421e-05	-5.919032628298737e-05	-7.271212962223217e-05
	2.0513375602604356e-06	-5.4519794502994046e-05	-0.00010411143739474937	-6.219517672434449e-05	9.291357855545357e-06
	-0.00010892467253142968	-4.681794598582201e-05	0.0001244222221430391	-8.369046554435045e-05	-7.245788583531976e-05
	-1.9902123312931508e-05	8.771975990384817e-05	-2.148092789866496e-05	-0.000151824249769561	-3.994097642134875e-05
	3.972281774622388e-05	5.453528046928113e-06	2.1268357158987783e-05	0.00016075483290478587	5.44783215445932e-05
	5.783294909633696e-05	6.30707509117201e-05	-4.882384018856101e-05	5.346140096662566e-05	-6.108498382673133e-06
	-9.459120337851346e-05	-9.598012547940016e-05	3.081712929997593e-05	1.609309583727736e-05	-9.398726979270577e-05
	3.5174737149645807e-06	-0.00015358025848399848	-0.00017231811943929642	-8.12712278275285e-06	9.005636820802465e-05
	5.3536812629317865e-05	-6.778346141800284e-05	8.494953362969682e-05	8.328202966367826e-05	3.5793535062111914e-05
	-2.0017987480969168e-05	-1.5045960935822222e-05	8.269544196082279e-05	-9.902728197630495e-05	2.31804860959528e-05
	8.591540245106444e-05	6.4133660089282785e-06	6.190262865857221e-06	1.6766325643402524e-05	2.23145580093842e-05
	-2.0379151465022005e-05	-2.530781966925133e-05	1.4240948075894266e-05	3.244454319428769e-06	2.0337589376140386e-05
	3.958419256377965e-05	-1.8020757124759257e-05	4.326360794948414e-05	-9.516868885839358e-06	-9.295593918068334e-05
	-5.936573870712891e-05	-3.1722676794743165e-05	-7.361906568803533e-07	1.2609351870196406e-05	-6.4514483710809145e-06
	-5.156429324415512e-06	1.0043288511951687e-07	-3.447730136940663e-07	1.7634151561196632e-07	3.718585901424376e-07
	1.935524949203682e-07	-1.812938354994742e-09	1.551854111880857e-08	6.616947700877063e-08	2.2608384053768305e-09
	2.5163467753941404e-08	9.628289632246378e-08	-1.3980380408895599e-08	4.363378547367347e-09	1.8760282216589985e-08
	5.576245243332778e-09	8.147844177130992e-09	-3.6845075879199385e-09	-1.1059175797356602e-08	-8.458676425959766e-09
	-2.28374963384681e-09	-4.86910112229566e-09	-1.6335218733232182e-09	-8.302404097548788e-09	7.350166697506211e-09
	6.845297662039229e-09	5.66060864848339e-10	-0.00011088321480201557	-3.1014817523100646e-06	3.6179786548018456e-05
	-2.5034412828972563e-05	2.052221680060029e-05	5.872439578524791e-05	-2.73338082479313e-05	7.902555080363527e-05
	0.00013216106162872165	-1.9699305994436145e-05	-2.0763191059813835e-05	4.120280937058851e-05	5.659347880282439e-05
	7.256529352162033e-05	-1.0368909897806589e-05	1.625232289370615e-05	0.00018448368064127862	0.00012772726768162102
	3.145111259073019e-05	1.7127806131611578e-05	2.6936526410281658e-05	5.957851681159809e-05	-6.862343434477225e-05
	9.394704648002516e-06	-3.8583144487347454e-05	2.1662504877895117e-05	0.0002921483828686178	-9.096739631786477e-06
	-8.751435234444216e-05	-8.487192098982632e-05	-0.00012416178651619703	-9.708730794955045e-05	5.766647154814564e-05
	3.391831342014484e-05	-2.2912015992915258e-05	-1.1115503184555564e-05	0.0001451208081562072	6.460538770625135e-06
	1.492825163040834e-06	2.2946742319618352e-05	6.191658030729741e-05	0.00010738988930825144	0.0001364721974823624
	-7.984872354427353e-05	-5.95648743910715e-05	0.00014535577793139964	-2.1105437554069795e-05	-5.656165740219876e-05
	-3.504908818285912e-05	8.385991350223776e-06	3.64012666977942e-05	-0.00012569712998811156	-0.00020892695465590805
	-4.759469084092416e-05	0.00023144677106756717	0.00010599804227240384	-0.00012340031389612705	-1.0567565368546639e-05
	1.713434721750673e-05	-1.711646473268047e-05	-1.3987064448883757e-05	-1.307682123297127e-05	-4.1998760025308e-06
	1.4708401067764498e-05	-7.158384960348485e-06	1.8271111912326887e-05	-2.670762569323415e-06	-1.1418672329455148e-05
	-1.4672268662252463e-05	2.32323094095932e-09	6.154882381537163e-09	1.744332621456124e-05	9.133406031480718e-09
	6.705439314913519e-09	2.4203467546612956e-05	6.701052825519582e-06	-1.9809251170954667e-05	-3.639142278188956e-06
	1.3137724636180792e-05	1.2742441867885645e-05	-1.3820421145283035e-06	5.1234917918918654e-05	2.071165909001138e-05
	-1.8076951164403e-05	2.670735511856037e-06	-1.4121857930149417e-05	1.581708056619391e-05	-1.55964389705332e-05
	-3.635877510532737e-05	-3.160878623020835e-05	-2.4689026759006083e-05	-2.7258065529167652e-05	-9.532552098789893e-07
	-3.3779522823351726e-07	8.281396191023305e-08	-1.2287876272054632e-09	-1.1907611785488825e-08	-2.674513277511892e-09
	-1.5140280140713003e-08	2.418793609848535e-09	4.167723091086373e-05	4.798779173142975e-06	1.5968953448464163e-06
	-2.9382570687630505e-07	1.1270945066144122e-07	-1.6836747818160802e-07	9.566753611522927e-09	3.2136920680159164e-08
	7.793062104610726e-05	-9.196588507620618e-06	-3.166908300045179e-06	4.772334527558542e-09	-9.231125659425743e-07
	-9.539230205746208e-08	-2.048634257789672e-07	4.3159346319043834e-08	2.2808668290963396e-05	-8.219031011336142e-10
	1.2896171028842218e-05	-1.8681126334740839e-07	2.0107826514959015e-07	3.857219326164341e-06	2.5850702513707802e-05
	-2.0930595034940325e-09	-9.014279930852354e-05	3.782488056458533e-05	-2.4530656446586363e-05	3.8212430808926e-05
	-1.434159821656067e-05	-3.354326690896414e-05	7.613262020811362e-09	-3.119434404652566e-05	-2.3231455870131867e-08
	5.501421128428774e-06	8.702888010247989e-08	-2.901664174714824e-06	2.4543724830294877e-09	-1.7952734197024256e-05
	-3.2699722396500874e-06	3.2580151128058787e-06	-1.1868116416735575e-05	4.986308340448886e-05	0.0001342671166639775
	-6.660726636908976e-09	3.439186713194431e-09	-9.161131856672e-06	-4.569364591588965e-06	2.9823206205037422e-05
	-2.05969136004569e-05	-4.7306300984928384e-05	-7.469311822205782e-05	-8.934565994422883e-05	2.400096673227381e-05
	-8.68067581905052e-06	9.96028320514597e-05	-9.004873572848737e-05	2.4555183699703775e-05	-3.732031109393574e-05
	3.1826675694901496e-05	4.04131060349755e-06	5.7880002714227885e-05	7.452334830304608e-05	-1.59258306666743e-05
	2.3019998479867354e-05	-2.872078994187177e-06	2.078724264720222e-06	-4.500682734942529e-06	-5.447985813589185e-07
	3.855674094666028e-06	9.499420411884785e-05	2.909937029471621e-05	-1.0083479082823033e-06	-6.360501174640376e-06
	-1.4356634892465081e-05	-9.744353519636206e-06	-2.4629762265249155e-05	-8.389960567001253e-05	3.9667986129643396e-05
	2.3999496079341043e-06	-1.8442033251631074e-05	-1.471407540520886e-05	2.517282155167777e-06	-1.256956693396205e-05
	-4.820797767024487e-05	1.4030752936378121e-05	-0.00015164805517997593	3.9391248719766736e-05	-5.018106821808033e-05
	-9.854351810645312e-05	3.332121195853688e-05	6.732639303663746e-05	6.104472413426265e-05	-5.33122420165455e-06
	1.3649186257680412e-05	-5.337805646377092e-07	-6.435243267333135e-05	-4.5143478928366676e-05	2.474782922945451e-05
	1.0228404789813794e-06	-3.533578274073079e-05	9.809029143070802e-05	-5.97676589677576e-05	-8.341533975908533e-05
	-3.7590380088659e-05	4.281749716028571e-05	-5.616934868157841e-05	2.898262937378604e-05	-2.3199429051601328e-05
	1.1303232895443216e-05	-4.761833406519145e-05	-5.539465564652346e-05	-0.0001321531308349222	-0.0001064367315848358
	-1.493056788604008e-05	6.125614891061559e-05	4.7397054004250094e-05	-2.930783466581488e-06	-0.00016973409219644964
	-6.410300557035953e-05	-5.123845039634034e-05	6.976220447540982e-06	3.7471643736353144e-05	0.00011333914153510705
	-6.0650698287645355e-05	9.016958756546956e-06	1.843741483753547e-05	6.569810011569643e-06	3.0825132853351533e-05
	7.218911923700944e-05	2.6681174858822487e-05	-7.919420022517443e-05	-8.276021981146187e-05	9.089155355468392e-06
	-5.0698632549028844e-05	-5.5474058171967044e-05	-6.115481664892286e-05	6.0322985518723726e-05	-1.6358977518393658e-05
	0.00012998598685953766	-0.0001254158851224929	-5.557846816373058e-05	-6.331903568934649e-05	-8.568815246690065e-05
	-3.1084080546861514e-05	-1.196762877953006e-05	-0.00012617070751730353	3.7371981306932867e-05	-1.2452761438908055e-05
	-4.5580130972666666e-05	3.495396231301129e-05	2.1468131308211014e-05	1.3412016414804384e-05	-3.6068856843485264e-06
	-3.818083860096522e-05	2.6853605959331617e-05	-8.977174002211541e-05	3.962051778216846e-06	5.964764568489045e-05
	3.982995986007154e-05	-0.0001247005711775273	-7.301791629288346e-05	1.4274778550316114e-05	-0.00011115575034637004
	-4.772940155817196e-05	1.7796763131627813e-05	-0.0001195797958644107	4.825475116376765e-05	4.006134076917078e-06
	-1.25175747598405e-05	8.189812069758773e-05	-0.00016885579680092633	6.73353424645029e-05	0.0001118382642744109
	3.3224794151465176e-06	-0.00013664588914252818	0.00010446224769111723	-9.0183770225849e-05	-9.940233667293796e-07
	-4.4506607082439587e-05	-9.835177479544654e-06	2.581397711765021e-05	-9.582493657944724e-05	2.2195732526597567e-05
	0.00010526472033234313	-4.070266368216835e-05	-3.76546558982227e-05	-3.799239493673667e-05	-1.4320573427539784e-05
	-0.00017091813788283616	5.70194169995375e-05	8.796990300652396e-07	-5.321317439666018e-05	8.922605775296688e-05
	0.0003285310813225806	2.7604914066614583e-05	-7.521086081396788e-05	-1.747250644257292e-05	-3.817156175500713e-05
	0.00014263158664107323	7.280593854375184e-05	5.5719872761983424e-05	-1.4824709978711326e-05	-3.957745138905011e-05
	-1.0267124707752373e-05	-3.6458324757404625e-05	-3.240674050175585e-05	1.2797189810953569e-05	6.326089078356745e-06
	-5.7064189604716375e-05	-2.307454269612208e-05	-4.482693475438282e-05	0.00010442243365105242	-1.7117781681008637e-05
	1.3348129641599371e-06	5.452888581203297e-05	3.16681894219073e-06	-4.470256953936769e-06	-1.5465722754015587e-05
	-3.6652756989496993e-06	-5.8687305681814905e-06	-3.1511699489783496e-06	1.870111191237811e-05	2.9623045065818587e-06
	5.621781838272e-06	0.00014625201583839953	1.983723632292822e-05	5.429557859315537e-06	4.858782631345093e-06
	-3.477074983493367e-07	1.760538339112827e-06	1.6034825875976821e-06	1.3873494708604994e-06	1.0763601494545583e-06
	1.1125719012738955e-08	7.037168643364566e-07	-4.083543672095402e-07	1.0251576298969667e-07	-2.346537542052829e-07
	-3.8921442069295153e-07	-4.3866037913176115e-07	-2.1064147404104006e-07	-1.759620715802157e-07	-1.2807628024802398e-07
	-1.6359572896362806e-07	-9.78521583760994e-08	-8.501650938796956e-08	-5.156619664603568e-08	-6.297731403037687e-08
	1.9226835235031103e-08	-4.315524293474482e-08	9.083749752392123e-09	5.731902064098904e-08	1.0749269030441155e-08
	-2.7802038005120266e-08	-2.7164389848621795e-08	-9.660878276918083e-05	-2.0786476540024523e-08	-2.1846982001250126e-09
	3.0036590992210677e-09	2.149809397167246e-08	1.4527345548742687e-08	1.3390011766034604e-08	-3.2242633096757345e-06
	7.44473904745746e-09	6.289815064519644e-05	0.00012019754649372771	9.041810699272901e-05	9.503312321612611e-05
	-4.289273380919667e-09	-8.263030792932113e-08	5.241176381787227e-08	1.00582591144871e-08	2.5477426834896733e-09
	-7.82065910698293e-07	1.0929829485917253e-08	-3.2415930490969913e-06	-5.785308894701302e-05	-3.509348243824206e-05
	1.2744471860060003e-05	-1.310762127104681e-05	1.9866751244990155e-05	-0.00012689012510236353	-3.92529773307615e-06
	6.168180698296055e-05	0.0003104069037362933	3.7023886179099463e-09	-4.635838558897376e-05	3.225709588150494e-05
	2.460682844684925e-05	2.777622466965113e-05	2.031951953540556e-05	6.027862582413945e-06	-1.5928449670354894e-08
	4.2081000906080135e-09	-1.703449925116729e-05	-5.35512444912456e-05	6.940500725249876e-07	3.49274529298782e-07
	-4.0570212149759755e-06	1.850779199230601e-06	-1.431528744433308e-06	-8.044558796882484e-09	1.357395012746565e-05
	3.9552076486870646e-05	-1.887969114378052e-09	-2.9139966500224546e-05	3.0235747544793412e-05	-3.1906132846870605e-08
	-1.1142618859594222e-05	-2.480600187482196e-07	-1.9521387173426774e-07	-0.00012487088679336011	-0.00018169656686950475
	-0.0002419691445538774	0.0001159764506155625	-4.340305531513877e-05	-4.3353917135391384e-05	5.014267662772909e-05
	-3.808936099858329e-08	6.484649929916486e-05	4.719595835922519e-06	-1.6626972865196876e-05	-3.9680949157627765e-06
	2.0278508827686892e-07	-6.570529365035327e-08	-6.311587696927745e-08	-7.812965486664325e-05	-6.600486085517332e-05
	-7.920170173747465e-05	8.884000271791592e-05	1.2157842320448253e-05	0.0001764957414707169	0.00012856192188337445
	-2.8086555175832473e-05	-1.6621342524558713e-08	8.92592070158571e-05	-0.00011569604248506948	-5.979773050057702e-05
	-4.6669829316670075e-06	-8.304547009174712e-06	1.6371805031667463e-05	-8.936671065384871e-07	6.698667857563123e-05
	7.205959991551936e-05	1.7587341361036124e-08	-1.9673716451507062e-05	3.2244777685264125e-05	-4.873773650615476e-05
	5.8950925449607894e-05	4.876164166489616e-05	2.8849464797531255e-05	-2.9577073291875422e-05	-9.447838965570554e-05
	8.55362850415986e-06	-4.2980533180525526e-05	1.092128286472871e-06	-9.220489300787449e-05	-6.157195457490161e-05
	-7.458008622052148e-05	-4.576583523885347e-05	2.766681063803844e-05	1.4503610827887314e-06	-1.517130385764176e-07
	8.000310117495246e-06	-3.2759297027951106e-05	0.000170513303601183	2.722236604313366e-05	0.00022677889501210302
	0.0002616571437101811	0.00015289716247934848	9.339654206996784e-05	7.015212759142742e-05	2.4996272259159014e-05
	-1.2165958651166875e-05	2.3310409233090468e-05	1.1684134733513929e-05	2.2355137843987904e-05	-2.7798239898402244e-05
	-3.7636909837601706e-05	7.015254959696904e-05	0.0001298606803175062	0.0002447729930281639	0.00018457982514519244
	-3.005832877533976e-05	0.0001097925633075647	-6.224666140042245e-05	-3.117028654742171e-06	7.511895819334313e-05
	0.00013888262037653476	0.00013597561337519437	0.00015936656564008445	-5.896601578569971e-05	7.495310273952782e-05
	-2.1450319763971493e-05	9.736536594573408e-05	4.4038538362656254e-06	1.5642863218090497e-05	3.300487151136622e-05
	5.506474553840235e-05	-1.6421454347437248e-05	0.00013425353972706944	4.581372650136473e-06	-0.00010619252134347335
	-3.537751763360575e-05	-0.0001762600732035935	5.5049138609319925e-05	-5.459896783577278e-05	2.4827873858157545e-05
	-1.6715366655262187e-05	5.423938546300633e-06	-3.991038101958111e-05	-4.37995586253237e-05	4.588064621202648e-05
	2.7898682674276643e-05	0.00017763565119821578	6.371281779138371e-05	-7.421906047966331e-05	-7.339502190006897e-05
	-0.0001170676332549192	-1.672863092494481e-08	4.5259835133037996e-06	-2.8497559469542466e-05	-0.0001615182845853269
	1.1104824807262048e-05	2.840366323653143e-05	-2.2802773855801206e-06	9.805366971704643e-07	6.431638030335307e-05
	3.657747583929449e-05	-1.2671461263380479e-05	-7.765014743199572e-06	-4.395446921989787e-06	-5.209294977248646e-05
	-1.4779699995415285e-05	-4.2352832679171115e-05	3.1075673177838326e-05	-1.4850722436676733e-05	-0.00013989444414619356
	7.870962144806981e-05	-7.19518939149566e-05	0.0001073941748472862	0.000120894233987201	4.179208190180361e-05
	-3.3224558137590066e-05	-4.776497007696889e-06	4.660457489080727e-05	8.650399649923202e-06	6.850735189800616e-06
	-1.1116148925793823e-05	8.209586894736276e-07	1.6135989426402375e-05	1.3210637916927226e-05	1.0954739082080778e-05
	1.0362905413785484e-05	1.9386248823138885e-05	1.57514641614398e-05	1.535353294457309e-05	-4.361820629128488e-07
	0.00016723906446713954	1.918458474392537e-05	5.815212716697715e-06	7.162633119150996e-05	-1.0491754437680356e-05
	6.253447093484965e-09	-5.610943265565993e-09	-7.318988355109468e-05	6.914178084116429e-05	3.7399702705442905e-05
	1.0618653504934628e-05	-3.185875903000124e-05	-1.3518272680812515e-05	2.6423242161399685e-05	-2.70127784460783e-05
	-2.495323496987112e-05	2.3518681700807065e-05	4.242286377120763e-05	3.2856867619557306e-05	-3.970836246480758e-07
	-6.962718089198461e-06	-5.4899755923543125e-06	-1.8173428543377668e-05	1.865753256424796e-05	2.6322797566535883e-05
	3.33114257955458e-05	3.297725197626278e-05	-9.447675438423175e-06	-3.706292773131281e-05	2.274396683787927e-05
	-4.877441369899316e-06	4.616592195816338e-05	-1.3779206710751168e-05	-1.12037560029421e-05	-3.950544851250015e-06
	-2.005150934181188e-09	2.1151924656237497e-10	-5.666020541639227e-09	5.370060898712836e-05	-1.803592203941662e-05
	2.6799937131727347e-06	0.00021560896129813045	4.807364462067198e-07	1.1152974366268609e-07	1.0254548499233351e-07
	-7.239322030727635e-07	8.60421664583555e-07	-0.0001497837802162394	-0.00017926077998708934	4.947800391619239e-09
	6.427059270208701e-05	-1.605460056453012e-05	-0.0002360514336032793	-6.062926331651397e-05	3.861922323267208e-06
	-0.0001384493662044406	-1.4074356613491545e-07	-3.9982114685699344e-05	-2.129569838871248e-05	3.954741623601876e-05
	3.1937156563799363e-06	4.469561645237263e-06	-0.0001222056889673695	-5.869509550393559e-05	0.000112129382614512
	-4.966725464328192e-05	-2.6743450689536985e-06	-0.00010972224845318124	-2.3897902323710696e-08	3.1570823733062525e-09
	6.47052438580431e-05	4.115074148103304e-08	-7.399547641284698e-09	1.4172793783018278e-07	5.376572786985889e-08
	-2.3646066438232083e-08	-1.5475933423658716e-08	7.917125003586989e-06	-2.6321845325583126e-06	2.0945606138411677e-07
	2.8240217275765644e-08	-6.8574994571690695e-09	1.2298942237976007e-06	3.9071213819852346e-08	1.287535997107625e-05
	5.099061439750585e-08	-4.1196830835588116e-08	-1.2769179136284947e-07	-9.079065499406624e-09	-6.386859752183227e-08
	3.179682650511495e-08	7.754898390111009e-10	-3.775101902192546e-07	9.90587256666231e-09	2.4225159656054984e-09
	-1.612533395700666e-08	-1.0081885903900911e-07	5.3923884024698054e-08	-8.851473332072146e-09	8.147269880964814e-08
	3.8377910982489993e-07	2.067451760012773e-06	9.587913609721e-07	1.933377279783599e-05	1.758358791903447e-08
	2.388056419277973e-09	3.107285374426283e-05	-0.00010480172204552218	-3.345438017277047e-06	-6.027392362994988e-09
	-5.284944563754834e-05	3.684222747324384e-06	-6.195706703238102e-08	0.0003461830201558769	-7.75036241975613e-05
	-1.9859056919813156e-05	-1.9837636500597e-05	3.6559547879733145e-05	3.001018058057525e-06	-6.579183263966115e-06
	5.6604294513817877e-05	1.7401500372216105e-05	-0.00011850270675495267	3.8515399864991195e-06	4.0202383388532326e-05
	-1.3390789717959706e-05	-2.2350737708620727e-05	-3.24927968904376e-05	-1.8895154425990768e-05	-6.478752038674429e-05
	-2.7169710392627167e-07	-5.829461713346973e-08	-2.3360376872005872e-05	1.1075785621983414e-08	-3.721215557916935e-09
	-7.971838203957304e-05	3.279188376836828e-06	5.0331640522927046e-05	2.628926631587092e-05	-2.7242745659350476e-07
	-2.961372302934251e-08	-3.3055998756026383e-06	-4.9778143875300884e-05	0.00012840052659157664	2.5324057787656784e-05
	-4.777370486408472e-05	-3.585115337045863e-05	-9.653982715462917e-07	-6.0599097196245566e-05	-0.00026772401179187
	5.253898416412994e-05	0.0001145610585808754	-3.8275946280919015e-05	-1.1733375686162617e-05	-1.1719576832547318e-05
	1.0128794691866005e-08	-1.634500449654297e-06	2.657742879819125e-05	-4.4221455937076826e-06	-4.598809391609393e-05
	1.454496100450342e-06	1.3640888937516138e-05	9.438608685741201e-05	-6.924440822331235e-05	-9.59935860009864e-05
	-4.0519662434235215e-05	-4.856836312683299e-06	-4.820565300178714e-05	-0.00011700067989295349	7.4024764096236595e-09
	-1.756219774051715e-07	-4.857748353970237e-05	1.7274204537898186e-06	-7.089225164236268e-06	-5.725715709559154e-06
	-4.9311343900626525e-05	3.2714015674173424e-07	8.848242032399867e-07	-0.0001654557418078184	2.9647486371686682e-05
	4.64069853478577e-05	2.0296673028497025e-05	9.51859328779392e-06	1.4771888345421758e-05	5.88739276281558e-05
	-1.5464589523617178e-05	0.00016684175352565944	6.736753130098805e-05	3.339131944812834e-05	-0.0001372446131426841
	2.8709997422993183e-05	7.583500064356485e-06	-1.0494198932065046e-06	-3.376513996045105e-05	7.848831592127681e-05
	-8.352196164196357e-05	-9.363970043807512e-09	2.820656845869962e-05	-0.00012304246774874628	-4.1768224036786705e-05
	-5.123682058183476e-05	4.434596974078886e-07	-5.306182629283285e-06	-0.00010429014218971133	5.447148510029365e-07
	-6.67732092551887e-05	-4.11443725170102e-05	0.00020562554709613323	-1.704513306322042e-05	-0.00014209258370101452
	0.00010962579108309001	0.00011227442155359313	-9.584001236362383e-05	1.0488199222891126e-05	-6.191548163769767e-05
	1.823651655286085e-05	-7.114761956472648e-06	-0.00013831828255206347	-4.52147978649009e-05	2.742349352047313e-05
	1.3004681022721343e-05	-1.8332442230928336e-09	-6.023445621394785e-06	-7.790884410496801e-05	-2.6887493120852923e-08
	-4.3348674807930365e-05	-0.00010675204248400405	6.960272912692744e-06	-2.5774781533982605e-05	0.000110910928924568
	8.984323471850075e-07	5.0671034841798246e-05	-3.1147726986091584e-05	-0.00018007901962846518	4.959626380696136e-07
	5.991337457089685e-05	-1.7464124539401382e-05	-6.585719529539347e-05	-8.902281115297228e-05	-4.6330279701578547e-07
	0.00021001468121539801	-9.061930904863402e-05	7.437364547513425e-05	-3.473457610425612e-08	2.7851807317347266e-05
	-1.8203945728600956e-05	6.491524254670367e-05	1.8008835468208417e-05	-6.857238622615114e-05	6.448878411902115e-05
	-2.6507495931582525e-05	-4.0360449929721653e-05	1.6012804735510144e-06	0.0001492990559199825	-9.122238520120618e-10
	0.00011205444752704352	-6.27696281298995e-05	-8.560623427911196e-06	-4.304428875911981e-05	5.197990049055079e-06
	9.319892058101686e-08	-6.205551471794024e-05	5.569707354879938e-05	-1.0840739378181752e-05	3.0598099609591145e-09
	-6.095297599983951e-09	-3.2437306174415426e-08	-0.00010753951937658712	2.0573732399498112e-05	2.316113523193053e-06
	-1.7273499963721406e-07	1.2601861271832604e-05	-8.922895176510792e-06	3.843802787173445e-08	-4.264227754902095e-06
	0.00010693539661588147	4.6712843868590426e-06	-1.9287190298200585e-05	-0.00010201826080447063	-9.555628288637763e-09
	1.037773381540319e-05	-9.654153473093174e-06	-2.6918676667264663e-05	2.100521978576353e-09	-0.0001255951210623607
	-1.247445538865577e-06	-1.7817468688008375e-05	6.336277147056535e-05	-1.4278193702921271e-05	1.4932570593373384e-05
	-4.202731361147016e-05	-0.00010365921480115503	-2.2265086954575963e-05	-4.902657479988193e-08	6.369077163981274e-05
	3.265916348027531e-06	2.460335053910967e-05	-8.293679911730578e-07	1.1342374818923417e-05	1.9495560366067366e-07
	-0.00014086032751947641	-3.3458754842286e-06	-1.4738149729964789e-05	8.5780571680516e-05	-3.439150120243539e-08
	-2.4504818156856345e-06	4.509594145929441e-05	5.410719313658774e-05	5.393557330535259e-06	3.630023275036365e-05
	6.370976734615397e-06	-1.0032724276243243e-05	-6.99865777278319e-05	5.980973128316691e-06	-0.00011255445861024782
	-3.482439205981791e-05	6.69875371386297e-05	0.00011056263610953465	6.543144081661012e-06	-0.00014923677372280508
	-3.2023859830587753e-07	2.5036159058799967e-05	0.0001462649233872071	-3.538664532243274e-05	4.7039946366567165e-05
	2.920853603427531e-06	0.00010314376413589343	-3.8040077924961224e-05	-7.521468781135354e-09	1.986026276767916e-08
	3.2136013032868505e-05	-1.0496306934726363e-08	1.4271941850552139e-08	-1.2511201930465177e-05	-1.9395554318180075e-06
	-3.352850035298616e-05	4.9128611863125116e-05	-2.5224521778000053e-06	-2.9776720111840405e-05	3.4688175219343975e-05
	3.170273339492269e-05	-1.5424173398059793e-05	1.293655441259034e-05	6.197826223797165e-06	1.0702176950871944e-05
	-4.4355401769280434e-05	1.0569166079221759e-05	3.595195812522434e-05	-1.1638944670266937e-05	4.579199412546586e-06
	7.0087403400975745e-06	5.68882478546584e-06	-3.930610546376556e-06	-1.5932131702811603e-07	3.96227806120919e-09
	1.8042415561581038e-08	-7.639378019064225e-09	1.2382889735818026e-07	4.921849594552441e-08	2.955027778028807e-09
	3.0466917877447486e-09	-1.940997208293993e-05	-8.952800385486626e-07	4.226568606213732e-08	1.2412807670614256e-08
	-2.493399930969531e-09	8.619353564220944e-10	6.267405296966899e-06	-3.8645601307507604e-05	8.768020052229986e-06
	2.341295157748391e-08	-3.694339966386906e-06	-1.33352045850188e-07	3.533931902666154e-08	6.548593489696941e-08
	-1.2134634744143113e-05	-1.053068632295151e-09	4.640901170205325e-05	-1.7944089449883904e-06	3.3437731872254517e-07
	-6.057315005136843e-08	3.0062394216656685e-05	-1.15846088277749e-09	5.493312983162468e-06	3.4999749914277345e-05
	1.2796695045835804e-05	-2.9426922992570326e-05	-1.3745744809057214e-06	-1.9364873878657818e-05	-8.785375760211878e-10
	-4.9027999011741485e-06	-9.87139264907455e-06	4.407465326039528e-08	-4.513636042702274e-08	1.5231442375807092e-05
	1.1619012418861985e-08	-3.3004828310367884e-06	6.14485770711326e-06	2.5491632186458446e-05	-3.2001153158489615e-05
	4.8516143579036e-05	-4.8118472477653995e-05	3.877889120929012e-09	-1.4763778381166048e-05	-7.1278551949660596e-09
	2.715505070227664e-05	-4.226518649375066e-05	-3.9274510754694347e-07	2.4417398890363984e-05	-8.096459350781515e-05
	3.4594682801980525e-05	-6.0321035562083125e-05	-0.000128874511574395	-0.00016639070236124098	-7.37819354981184e-05
	-6.712033064104617e-05	2.865495662263129e-05	-1.6289772247546352e-05	3.730255048139952e-05	-1.571917709952686e-05
	4.808822268387303e-05	4.10915890824981e-05	-2.0308702005422674e-05	3.001892036991194e-05	8.560971764381975e-06
	1.033778789860662e-05	4.0083082808450854e-07	-5.967963716102531e-06	5.598936331807636e-05	-2.9202155928942375e-05
	-3.4159763799834764e-06	-2.2364098128946353e-07	0.00018044447642751038	2.615537937344925e-07	2.0611863874364644e-05
	8.141100988723338e-05	-2.5548445137246745e-06	-2.6261311631969875e-06	2.3368782422039658e-05	1.6816864444990642e-05
	-3.130318646071828e-06	1.0770070730359294e-05	4.1860766941681504e-05	3.172824654029682e-05	2.1505447875824757e-05
	-3.9104706957004964e-05	4.8367914132541046e-05	0.00013454673171509057	-3.7394449464045465e-05	-5.560449426411651e-05
	-1.4015738088346552e-05	-4.908607024844969e-06	3.1876326829660684e-05	2.4514301912859082e-05	3.210438080714084e-05
	3.875817583320895e-06	-4.1111477912636474e-05	-0.00022041125339455903	1.9944279756600736e-06	-8.052658085944131e-05
	-5.982333095744252e-05	-5.526158474822296e-06	4.260903733666055e-05	-5.956166933174245e-05	5.517320823855698e-05
	-3.6970817745896056e-05	3.936186112696305e-05	3.9466201997129247e-05	5.705734292860143e-05	2.2535254174727015e-05
	-1.295895708608441e-05	8.147506014211103e-05	-8.152594818966463e-05	-4.060676928929752e-06	4.861372508457862e-05
	1.8734321201918647e-05	0.00013750887592323124	6.476179260062054e-05	4.002847708761692e-05	-3.227243496439769e-06
	-2.5978977646445855e-05	-6.708982982672751e-05	4.930194700136781e-05	1.514902942290064e-05	-0.0001854072033893317
	2.7569738449528813e-05	-5.06976357428357e-05	-3.826224565273151e-05	-0.0001471708674216643	-7.617278242832981e-06
	1.0849050340766553e-05	-5.446886007121066e-06	1.5258832718245685e-05	-2.4281396690639667e-05	3.124945578747429e-05
	-0.00010118716454599053	-0.0001427672541467473	-0.00013325836334843189	-2.48954620474251e-05	1.0179826858802699e-05
	4.745252226712182e-05	7.947529957164079e-05	3.516245851642452e-05	6.818762813054491e-06	0.00014191208174452186
	1.096518462873064e-05	0.00013164582196623087	4.978778451913968e-05	-1.8942080714623444e-05	-5.017571311327629e-05
	1.013465862342855e-05	0.00013105479592923075	-1.0173752343689557e-05	-5.570440043811686e-05	0.00013233274512458593
	0.00010831636609509587	2.267896525154356e-05	-3.9057522371876985e-05	6.307521107373759e-05	0.00010605187708279118
	-6.599510925298091e-06	1.6014657376217656e-05	4.784504562849179e-05	5.750539276050404e-05	3.668548379209824e-05
	1.5741670722491108e-05	-0.00011049013846786693	3.678886787383817e-05	-5.681046604877338e-05	1.875929956440814e-05
	-2.7291627702652477e-05	-8.366278780158609e-05	3.332920459797606e-05	4.9694095650920644e-05	-0.00014901449321769178
	6.656321784248576e-05	8.017675281735137e-05	4.972299575456418e-05	-4.704271850641817e-05	-2.351169678149745e-05
	7.39144934414071e-06	-2.969809202113538e-06	-2.4503180611645803e-05	9.27643632167019e-05	4.752214954351075e-05
	1.4068842801862047e-06	-4.556058229354676e-06	0.00013267408940009773	2.4501801817677915e-05	-3.090450627496466e-05
	-3.337343150633387e-05	-9.82624405878596e-05	-0.00035809789551422	-3.2764062780188397e-05	5.413074904936366e-05
	1.4337690117827151e-05	6.4535870478721336e-06	-0.00013713337830267847	-6.821513670729473e-05	-5.6393932027276605e-05
	4.308789357310161e-05	2.8222484615980648e-05	7.161109533626586e-05	-1.4804850252403412e-05	-3.647621997515671e-05
	-0.00023483963741455227	3.540518810041249e-05	1.8957713109557517e-05	-3.3205706131411716e-05	7.276142423506826e-05
	-1.1667028047668282e-05	-2.6292964321328327e-05	-6.810668764956063e-06	-0.00013629940804094076	5.098789301882789e-07
	-7.440085596499557e-07	-2.7197497729503084e-06	-5.561994385061553e-06	8.584057468397077e-06	1.7695413134788396e-06
	5.9693720686482266e-05	-3.7343997973948717e-06	2.804190899041714e-06	-6.1825871853216086e-06	-3.439846807395952e-07
	-7.327194907702506e-06	-2.9384131039478234e-07	2.9645082122442545e-06	1.7326326542388415e-06	1.948638782778289e-06
	1.3991818832437275e-06	1.4999263839854393e-06	3.0284533636404376e-07	5.411857841863821e-07	-3.795794043526257e-07
	3.436278461776965e-07	-3.664486882826168e-07	-1.1832855761895189e-07	-5.77185062411445e-07	-3.179434600042441e-07
	-1.8715476812758425e-07	-1.4910906998011342e-07	-2.2404790911423333e-07	-1.2632712298454862e-07	-1.0196558264397027e-07
	-7.581479621876497e-08	-9.019592539516452e-08	-3.097195389045737e-08	-5.703067884610391e-08	-1.6967513616350516e-08
	6.014845865820462e-08	1.3897141215579722e-08	-2.8394445905632892e-08	-2.912407381927551e-08	7.224942237371579e-05
	3.280565596952556e-09	-1.5306428347017231e-09	1.839858598806643e-09	2.16964828325672e-08	5.108740985804161e-09
	1.2056337261867611e-08	1.2976355101557147e-08	-9.952246909961104e-05	-8.429025911027566e-05	-0.00013635455979965627
	-6.056205529603176e-05	-1.0456830068505951e-06	-1.0382248838425312e-08	4.631347305661393e-09	-2.3388484748920746e-07
	2.734158442763146e-06	9.276866386187521e-09	-1.840626673299539e-08	-4.204076020641878e-08	-4.322906988818431e-06
	-2.348317629241592e-08	8.575765968998894e-05	-7.772834214847535e-05	-3.782844578381628e-05	-1.2813690773327835e-05
	7.702355105720926e-06	0.0002062013663817197	3.942523107980378e-05	4.665068263420835e-05	-3.3281037758570164e-05
	-0.00013115580077283084	-0.00030905826133675873	-6.878444401081651e-05	-6.350271632982185e-06	1.6316373603331158e-06
	8.005794143173262e-07	8.13420774647966e-06	6.4698970163590275e-06	3.6001938497065566e-06	6.332495104288682e-05
	1.1015014024451375e-05	1.114953533942753e-06	5.943686574028106e-07	-2.4278630007756874e-05	-5.677677836501971e-05
	-2.4080631192191504e-05	6.645374924119096e-06	-6.472197856055573e-05	-3.4982840588781983e-06	2.45101296059147e-06
	0.00011484806600492448	5.376324770622887e-05	-5.0750491936923936e-05	-2.8981743525946513e-05	-2.5840449779934715e-09
	-1.6610144371043134e-07	-2.7089529908153054e-07	-6.10292045166716e-05	-3.945062417187728e-05	4.366694702184759e-05
	2.2236133645492373e-07	4.890366653853562e-06	-1.946109659911599e-05	-6.923878390807658e-05	2.214062442362774e-05
	3.069669401156716e-05	7.933565029816236e-06	-7.956895586858082e-08	-5.193746588361137e-08	-0.00023290062381420285
	-2.5289056793553755e-05	-9.889674402074888e-05	7.430481474557382e-08	2.332126996407169e-06	-1.9035034711123444e-05
	-1.8934806575998664e-06	5.009035157854669e-05	-0.00011111580533906817	5.678700176758866e-07	-4.599226303980686e-05
	4.487417754717171e-05	-2.1639236365444958e-05	3.4615186450537294e-05	-6.474713154602796e-05	7.182110857684165e-05
	-3.414547609281726e-05	3.336371810291894e-05	0.00012874661479145288	-9.880157136876733e-09	1.6450268958578818e-05
	-2.0201436200295575e-05	8.88087015482597e-05	6.133224087534472e-05	-8.667177098686807e-06	-5.237307777861133e-05
	5.0117825594497845e-05	0.00016258953837677836	6.034804755472578e-05	1.6079375200206414e-05	-4.960005526299938e-07
	-9.596236623110599e-07	9.076884452952072e-05	-0.00017977654351852834	-0.000181410854565911	-0.0002908490423578769
	-5.668254743795842e-05	-2.6240755687467754e-05	-3.559658125595888e-06	-0.00010534364992054179	-0.00015461942530237138
	-3.18596612487454e-05	5.280761979520321e-05	2.253249658679124e-05	8.8825272541726e-06	1.9249619072070345e-05
	-0.00021479166753124446	-1.0518277122173458e-05	-5.5176718888105825e-05	-6.603565998375416e-05	-6.583411595784128e-05
	-0.00011145700409542769	6.573474820470437e-05	1.6486537788296118e-06	-2.816511823766632e-07	-0.00021905192988924682
	-0.00010165674757445231	-9.921143646351993e-05	-0.00012755552597809583	-8.219842857215554e-05	8.204832556657493e-05
	-4.4292028178460896e-05	6.088826194172725e-05	3.484258922981098e-05	2.1209352780715562e-05	5.987851181998849e-05
	-0.00017755474254954606	-2.6357800379628316e-05	-0.0004609262978192419	-1.636512934055645e-05	7.22330660209991e-05
	3.7006793718319386e-05	2.5084722437895834e-05	6.630075222346932e-05	7.378038571914658e-05	-0.00011332253052387387
	-0.00010017221939051524	5.621034142677672e-05	-1.3745758224104065e-05	-0.00014833717432338744	-6.335305806715041e-05
	-0.0001447357062716037	-2.9728731533396058e-05	5.731860073865391e-05	5.240695827524178e-05	2.2426325813285075e-05
	5.320812852005474e-05	0.00016022376075852662	9.489231160841882e-05	7.2059003286995e-05	0.00020897890499327332
	2.603106440801639e-05	1.0411138646304607e-05	4.627266389434226e-05	-1.4364797607413493e-05	-0.0002458516100887209
	-1.832372618082445e-05	-2.631814822962042e-05	4.67031859443523e-05	1.509883350081509e-05	-2.8517197279143147e-06
	3.8839378248667344e-05	-1.6913021454456612e-06	-5.7566463510738686e-05	4.1242732550017536e-05	6.524960917886347e-05
	-1.0639689207891934e-05	-1.2838250768254511e-05	5.562662408920005e-05	-3.0520310247084126e-05	-2.5623143301345408e-05
	-5.093403160572052e-05	-0.0002535735839046538	1.4671453754999675e-05	-1.4179933714331128e-05	2.8245789508218877e-05
	3.928958540200256e-05	-1.2521234566520434e-05	-7.445883966283873e-05	-1.786100256140344e-05	-6.838314584456384e-05
	2.7867724838870345e-06	1.8182950043410528e-06	-4.740029908134602e-05	1.2406234418449458e-05	0.00015558046288788319
	2.2239377358346246e-05	-7.653558895981405e-06	-5.620539377559908e-05	-1.7103941445384407e-06	1.0218542229267769e-05
	1.4340515008370858e-05	4.938164238410536e-06	-2.6384404918644577e-05	-2.9456803531502374e-05	-1.229087411047658e-05
	-5.744381610384153e-07	1.956882442755159e-05	9.374880391987972e-06	-1.6446047084173188e-05	-1.0384253073425498e-05
	-4.000199169240659e-06	3.800565991696203e-06	1.1416571396694053e-05	1.6754127045714995e-06	-9.291481546824798e-06
	1.6202327969949692e-05	-6.178538751555607e-05	-1.4388801901077386e-05	2.493551619409118e-06	3.89984343200922e-05
	-1.0025881238107104e-05	6.2796345901006134e-09	4.186331725719583e-09	-2.3607655748492107e-05	-1.9398185031604953e-06
	-0.00012713226897176355	-0.0001082044982467778	2.0538612943710177e-07	2.597298771433998e-05	-9.124490134126972e-06
	1.6795247574918903e-06	-2.956592766167887e-07	0.0001956292981049046	3.1993808079278097e-05	0.00013408021186478436
	-6.016511633788468e-06	1.2324469025770668e-05	0.00040143891237676144	3.654967883903737e-07	-2.0995672457502224e-05
	1.5161042483669007e-06	2.0239617697370704e-06	-6.773650966351852e-05	5.487153202921036e-07	3.319518384614639e-07
	-8.712007911526598e-06	7.148793429223588e-06	-6.084368123993045e-06	7.676524091948522e-07	-2.045757537416648e-05
	-0.0001056890469044447	-0.00020358149777166545	-1.958293250936549e-05	9.3496659246739e-05	3.358926915097982e-05
	-0.00011761846690205857	-3.028262290172279e-05	-5.115475154582327e-09	-5.212948295252318e-09	-2.7321243045719257e-09
	1.0990525156628905e-09	-4.8905532956666775e-09	-4.295556355060626e-09	1.3068793158765857e-08	1.0129604932629377e-09
	1.1658761067678824e-08	-6.08982109184808e-09	7.763664378046542e-09	-0.0002471554616931826	-3.289985173182686e-08
	8.967319445218891e-06	8.688800335221458e-06	6.132369634315182e-08	4.010752263639006e-08	3.629246236869221e-08
	-2.2050551606866975e-08	-4.7118309254301494e-08	-9.170764592170144e-09	1.1269039923433866e-08	3.979401341780431e-08
	-5.8242381584250325e-08	5.4366733337474216e-08	8.645737459289649e-09	1.697537754807854e-08	-1.549058797900571e-10
	-1.5934617181301292e-07	5.842256811661173e-08	1.0212156098532432e-07	2.0717492077437782e-07	1.1579152747742683e-08
	-8.254779822891578e-05	3.8492746767815333e-08	-5.674263903188148e-08	-1.6885391573850939e-07	-1.3158084755104937e-07
	-3.2147730166798283e-07	1.3921067854028024e-08	-5.5087291173094854e-08	6.072319536087889e-09	1.6210370290536957e-07
	1.7843147759322164e-07	5.680902540916577e-05	1.428026052963105e-08	1.7636717757341103e-06	1.240319852513494e-05
	-1.9961735233664513e-05	1.3362011941353558e-06	1.6895422731977305e-06	-5.099706186229014e-07	1.0190146895183716e-05
	5.673393310701158e-09	7.412089871650096e-06	-0.0002266577648697421	-0.00018803680723067373	4.977417484042235e-05
	6.432416739698965e-06	-3.12811134790536e-05	-1.3654163012688514e-05	2.1517796255920985e-07	1.3177758262372663e-07
	-2.474830580467824e-06	-0.00011392477608751506	2.676833355508279e-05	-8.144658636410895e-08	-3.800846025114879e-05
	4.1872308429447e-06	-3.5353154089534655e-05	1.2173629329481628e-05	-1.947868258866947e-05	4.856936357100494e-05
	-3.43890383192047e-06	-1.9063597846979974e-06	-1.0133448995475192e-06	0.00014179450226947665	2.0618294627183786e-08
	5.439612760227419e-09	-4.7510911826975644e-05	-5.406953462738784e-08	3.2841831853147596e-05	-1.584617893968243e-05
	3.494084739941172e-05	3.953748819185421e-05	-0.0001575596834300086	6.073518670746125e-05	-6.607522664126009e-05
	-2.759248854999896e-05	4.0057719161268324e-05	5.049668834544718e-05	0.0002567848132457584	-2.9187511245254427e-05
	0.00028372701490297914	-4.746381091536023e-05	4.100969817955047e-06	0.0002026053989538923	-9.307701839134097e-05
	-3.896564885508269e-05	2.6494808480492793e-05	-2.643831066961866e-05	2.5866181658784626e-06	8.476884249830619e-05
	2.5212522814399563e-05	-8.085851277428446e-07	-6.013040183461271e-05	-3.346438825246878e-05	-1.0126188499270938e-05
	8.137444092426449e-05	-2.0144518941833667e-08	-1.676862666499801e-05	-4.3375421228120103e-05	-2.467157355567906e-05
	5.576935291173868e-05	0.00020084694551769644	6.938914157217368e-05	4.426205578056397e-06	0.00017176759138237685
	4.120461380807683e-05	1.864147088781465e-05	3.6357538192532957e-05	1.642196423290443e-07	-1.5146046905556432e-07
	-1.5996472939150408e-05	-9.071887325262651e-05	-9.189403499476612e-05	-0.00013711408246308565	-6.271818710956722e-05
	3.774619835894555e-05	-0.00015091976092662662	-8.431527930952143e-06	-3.261645179009065e-05	1.346578119409969e-05
	1.3899793316340947e-08	1.3887921340938192e-05	-0.00019760371651500463	6.755162303306861e-06	7.215986988740042e-05
	-1.4165437278279569e-05	2.8872851544292644e-05	-1.5347912267316133e-05	-0.0001862715871538967	6.671896812804334e-07
	3.0766663257963955e-05	-3.50663009740515e-09	5.397378117777407e-05	5.703866190742701e-05	0.00014946929877623916
	-9.915688133332878e-05	-2.924490581790451e-05	5.1633953262353316e-05	2.435608439554926e-05	-2.0965509975212626e-05
	1.0515577741898596e-05	3.6383597034728155e-05	-5.6318040151381865e-06	-2.5659979655756615e-05	-4.351749885245226e-05
	1.3531882359529845e-05	0.00012070428056176752	2.313064760528505e-05	2.5541627479697127e-08	-3.410053250263445e-05
	-9.203686204273254e-06	-2.3560787667520344e-05	-1.3224385142507344e-08	0.0002926877059508115	6.347549060592428e-05
	-7.589304732391611e-05	1.37639483455132e-06	-3.694031647683005e-06	-3.85786042897962e-05	-4.422650090418756e-05
	-0.00010830874089151621	-5.6617282098159194e-05	6.0375150496838614e-05	5.469992629514309e-06	-4.109065775992349e-05
	-2.430165523037431e-06	7.325639217015123e-06	7.881599594838917e-05	-0.0001150383977801539	9.642430995882023e-06
	-1.4762515093025286e-05	5.316846727509983e-05	-2.585287717238316e-08	5.25353207194712e-05	1.680879358900711e-05
	4.143084879615344e-05	-9.944761404767632e-05	-7.263330917339772e-05	5.049727302974816e-09	-7.66628872952424e-05
	-2.3107356028617687e-09	3.890683365170844e-05	1.6302588846883737e-05	1.0799232086355914e-07	-1.9729131963686086e-06
	-1.8543092664913274e-05	-0.00011472628102637827	-3.0446501114056446e-05	-4.6527443373634014e-06	-6.117994780652225e-05
	-2.2116301678920536e-08	-4.082024679519236e-05	5.8573657923943756e-08	-9.890582441585138e-05	-4.4244006858207285e-05
	2.1730708965606027e-07	-2.5495295631117187e-05	0.00012637290637940168	-5.145867620903744e-10	-1.2957657418155577e-05
	-3.795445291387978e-09	-9.114458953263238e-05	4.6587694669142365e-05	3.864754489768529e-06	-1.5660651115467772e-05
	-1.2839285773225129e-05	3.0656745366286486e-05	-9.606645471649244e-05	-7.552104216301814e-05	7.115607149899006e-05
	2.9174751034588553e-05	4.269463897799142e-05	5.4380983783630654e-05	-5.809557723779335e-09	7.407796260849864e-07
	1.0689296914279112e-06	4.3621545046335086e-05	-0.0002231614344054833	-5.980379501124844e-05	7.4866070463031065e-06
	3.1280935218092054e-05	2.222002876806073e-06	-3.6790363083127886e-05	2.9509928936022334e-06	-2.3361917556030676e-05
	-1.8543953927974144e-08	-0.00012751854956150055	-2.520849920983892e-05	-2.4048047635005787e-05	5.180898369872011e-06
	9.728697477839887e-05	-3.374653800847227e-08	2.4575051611464005e-06	1.4063936760067008e-05	-3.823840415861923e-06
	2.9438941055559553e-05	-4.758880822919309e-05	-6.094184357152699e-08	4.696994801633991e-05	-2.316742029506713e-05
	-1.4932010344637092e-05	-6.149282125988975e-05	-1.9046028683078475e-06	-5.5822896683821455e-05	-8.884516864782199e-05
	-4.2555088839435484e-06	2.498452886356972e-05	-2.201998313466902e-06	-1.4092611309024505e-05	-2.236251503973108e-07
	3.187093898304738e-05	1.2113455341022927e-05	-7.692504004808143e-05	1.2393465112836566e-05	2.753564876911696e-05
	1.835455623222515e-05	6.3933871388144325e-06	4.162186595380035e-09	-7.3270327582974915e-09	2.857556857804866e-09
	6.294388121830252e-09	3.6776277578809413e-09	3.2874618582923176e-09	3.9687346742312e-09	4.356166816155138e-11
	5.0463648221921176e-05	4.528685531113297e-05	-0.00011180066940141842	0.00019104666716884822	2.7335174308973365e-05
	-5.53775935259182e-05	4.56257521364023e-06	6.766361184418201e-05	-0.00013925998064223677	-3.226508488296531e-05
	-9.127578232437372e-05	-3.674242179840803e-06	2.8876715077785775e-05	0.0003018027637153864	6.125708023319021e-05
	-6.553468847414479e-05	-1.778358273440972e-05	-4.626489680958912e-05	0.00010518232738832012	-0.00016944606613833457
	-6.625642527069431e-06	0.00032635556999593973	-9.437010703550186e-06	8.033974881982431e-05	0.00013757889973931015
	3.084529089392163e-05	2.225657908638823e-06	0.00017787181423045695	9.29329835344106e-05	-9.588016109773889e-05
	-0.0001426526578143239	1.773449548636563e-05	1.791219983715564e-05	8.193904363906768e-07	4.236864242557203e-06
	0.00011500286927912384	5.475673606269993e-05	4.709958011517301e-05	0.0001695742830634117	-3.2065231607703026e-06
	-5.576896910497453e-06	3.395719613763504e-05	-3.8856789615238085e-05	-4.463221557671204e-05	-8.489835454383865e-05
	-8.400355000048876e-05	-1.2513930414570495e-05	9.894500544760376e-05	8.329793490702286e-05	7.547982386313379e-05
	2.588202914921567e-05	5.333952503860928e-05	0.00011264802742516622	3.702521280501969e-05	1.7032412870321423e-05
	-6.775316433049738e-05	-6.057622886146419e-05	-5.019442687625997e-05	0.0001805615465855226	-1.8363340132054873e-05
	6.083173866500147e-05	-7.276064025063533e-06	8.851476195559371e-06	2.9440705475280993e-05	8.49152565933764e-05
	-1.221234106196789e-05	3.923689291696064e-05	2.7142589260620298e-06	-3.5715653211809695e-05	6.189986015670002e-05
	1.3371315617405344e-05	0.00021112024842295796	-0.00010778082651086152	-8.03873481345363e-05	-2.4912193111958914e-05
	0.00015314064512494951	3.005337930517271e-05	4.900203930446878e-05	-1.6535812392248772e-05	0.0001646027812967077
	-0.000156512571265921	-8.039540989557281e-05	-7.775326957926154e-05	0.0001236907410202548	-4.50031366199255e-05
	0.00032061856472864747	0.000131741922814399	-2.4737377316341735e-05	2.718138239288237e-05	-7.95813903096132e-05
	0.0001467982365284115	7.715608080616221e-05	9.474187390878797e-05	-0.0002301614440511912	-0.00024132854014169425
	-6.159747135825455e-05	-1.696080289548263e-05	-9.897919517243281e-05	2.9001996153965592e-05	6.821081478847191e-05
	-3.8404788938350976e-05	8.452506153844297e-05	-9.255704208044335e-05	-1.8331058527110144e-05	0.0001474923046771437
	-3.3620883186813444e-05	1.1066509841839434e-06	0.000131268534460105	-4.35331639891956e-05	-2.7037107429350726e-05
	-6.574285362148657e-05	5.3812698752153665e-05	-1.9117996998829767e-05	-6.846991163911298e-05	2.1366651708376594e-05
	-0.00024047006445471197	0.0001577789371367544	8.941163105191663e-05	-5.91080060985405e-05	-1.6193869669223204e-05
	-7.056968752294779e-05	-0.0001933200255734846	1.508257173554739e-05	-0.00012041505397064611	-3.6299421481089666e-05
	-9.434053208678961e-05	-5.960963972029276e-05	3.065283817704767e-05	1.9957309632445686e-05	-0.00010995173215633258
	4.9410540668759495e-05	-7.924497913336381e-05	4.885722228209488e-05	9.420532478543464e-06	4.092738527106121e-05
	3.2663829188095406e-05	7.549174915766343e-05	-5.279084507492371e-05	-3.921132883988321e-05	3.023366843990516e-05
	-8.308210817631334e-05	5.199768929742277e-05	7.38880698918365e-05	-5.7368597481399775e-05	-6.687951827188954e-05
	0.00018011477368418127	0.0002586790651548654	-3.7722649722127244e-05	1.6349109500879422e-05	9.280092490371317e-05
	5.444326961878687e-05	0.00013667410530615598	5.544132363866083e-05	-1.4149848539091181e-05	0.0003453560348134488
	0.0004507034900598228	4.093877578270622e-06	2.33376649703132e-05	1.8992564946529455e-05	3.263220060034655e-05
	-8.918843377614394e-05	2.9582692150142975e-05	-0.00021624942019116133	3.535591531544924e-05	-0.00017242704052478075
	2.6053001420223154e-05	-5.249495370662771e-05	6.874854443594813e-05	-9.75335842667846e-06	-4.438072210177779e-05
	-6.244334508664906e-05	-0.00015654097660444677	0.0007810948300175369	-4.2084189772140235e-05	0.00011876814824063331
	-7.370860839728266e-05	9.075896377908066e-05	-0.00015482015442103148	8.086681918939576e-05	4.978305514669046e-05
	-0.00014833221212029457	-0.00014045766147319227	-9.371501801069826e-05	3.523317354847677e-05	-4.343389446148649e-05
	0.00010573136387392879	0.0003262081299908459	-1.023825188894989e-05	-4.9398520786780864e-05	-0.00011153301602462307
	3.4097276511602104e-05	-7.825429929653183e-05	-3.9353610191028565e-05	0.0001360387832392007	-6.38641940895468e-05
	4.433813228388317e-05	0.00013114261673763394	7.818548328941688e-05	5.866145511390641e-05	6.904763722559437e-05
	-7.550432201242074e-05	-3.0319817597046494e-05	-4.154539783485234e-05	3.4955242881551385e-05	-2.776391283987323e-06
	-0.00016438621969427913	8.726083615329117e-05	8.033608901314437e-05	3.775365257752128e-05	0.00010177856165682897
	1.8502696548239328e-05	0.00011170936340931803	-3.612326690927148e-05	1.0584946721792221e-05	-2.2825786800240166e-05
	-1.2190283086965792e-05	0.0001434589212294668	-0.00013699378177989274	5.132903243065812e-05	7.131673919502646e-05
	7.948272104840726e-05	2.620336636027787e-05	8.224687189795077e-05	-7.638871466042474e-06	-2.1220126654952765e-05
	-7.4148723797407e-05	-5.880846583750099e-05	6.626518006669357e-05	0.00010080506763188168	4.002180867246352e-05
	-8.026600698940456e-05	-2.476955887686927e-05	-1.1334367627569009e-05	8.969299960881472e-05	-2.807202145049814e-05
	-1.8135877326130867e-05	3.511141585477162e-06	9.061395394382998e-05	2.1926762201474048e-05	7.012512014625827e-06
	7.380062743322924e-05	-8.462356345262378e-05	7.107752026058733e-05	-3.340976036270149e-05	-2.562209374445956e-06
	4.9079928430728614e-05	0.00010821453179232776	0.0001811689871829003	3.524601925164461e-05	-5.891405453439802e-05
	7.641546835657209e-05	-2.7742395104723983e-05	-0.00013321387814357877	-3.3227835956495255e-05	4.08900314141647e-06
	-1.0381655556557234e-05	-2.6800529667525552e-05	0.00013600080274045467	4.911848373012617e-05	1.3530600881495047e-05
	-4.3365043893572874e-06	-0.00013572910393122584	-0.00010161248064832762	-6.033145837136544e-05	0.00012130588584113866
	-3.0742809030925855e-05	-7.040634227450937e-05	4.947435445501469e-05	8.940515544964e-05	2.6473941034055315e-05
	8.172279922291636e-05	-5.844126917509129e-06	-1.1194626495125704e-05	-5.994899765937589e-06	-4.7382869524881244e-05
	-1.9281384084024467e-05	-0.00013682169083040208	5.853400580235757e-05	0.000159647868713364	2.321962165297009e-05
	-3.0481749490718357e-05	4.476779213291593e-05	-0.00010342955647502095	0.00010474789451109245	3.136256418656558e-05
	-1.7193380699609406e-05	-3.9291429857257754e-05	-2.0153353034402244e-05	-7.298683340195566e-05	-8.314978913404047e-05
	-9.051645065483171e-06	-2.754920751613099e-05	-1.0194108654104639e-05	-1.5144223652896471e-05	2.127988773281686e-05
	0.00012664949463214725	3.5472214221954346e-05	-0.00014202258898876607	4.118234937777743e-05	-5.9186255384702235e-05
	1.4780544915993232e-05	0.000104797218227759	-5.1808692660415545e-05	-8.938162500271574e-05	-0.0001268202468054369
	-0.00016424281056970358	-1.8639242625795305e-05	-1.0425007531011943e-05	-0.00010266916069667786	4.060562332597328e-06
	7.51839907024987e-05	2.1521893359022215e-05	-9.544249769533053e-05	-0.0001496966724516824	0.00018894726235885173
	0.00021544966148212552	3.7720019463449717e-05	-0.00016507241525687277	6.98678704793565e-05	2.892389238695614e-05
	-0.00011957277456531301	0.00016944950039032847	6.050581578165293e-05	-0.00011925786384381354	5.261051410343498e-05
	-0.0001525409024907276	-9.847946057561785e-05	7.313277455978096e-05	0.00011172414815519005	-5.776308535132557e-05
	-7.69375401432626e-05	7.833579002181068e-05	2.500007212802302e-05	5.1121671276632696e-05	3.454574471106753e-05
	5.190599767956883e-05	9.02854935702635e-06	7.25236241123639e-05	-2.1679796191165224e-05	7.16017257218482e-06
	6.15862591075711e-05	-3.169185220031068e-05	-5.061123374616727e-05	9.291669016420201e-07	-1.7879364122563857e-06
	5.350739684217842e-06	2.9833794542355463e-05	4.395860742079094e-05	9.733909246278927e-05	-1.9978315322077833e-05
	-1.3401659089140594e-05	-3.9599373849341646e-05	1.6090118151623756e-05	6.823489911766956e-06	3.542437980286195e-06
	-1.819285171222873e-05	-2.7195369511900935e-07	1.0020915397035424e-05	-3.115514846285805e-05	-1.2645492688534432e-06
	7.922371878521517e-05	4.898013867205009e-05	2.3329874238697812e-05	7.48438760638237e-05	6.3364118432218675e-06
	1.9263095964561217e-05	-1.4859475413686596e-05	-1.0533846761973109e-05	3.918958464055322e-05	4.5013399358140305e-05
	-6.510457023978233e-05	-8.03809380158782e-05	-3.94907001464162e-05	-0.0001108905125875026	-2.924200771303731e-06
	1.0637975719873793e-05	-6.445735198212788e-05	0.0001059021960827522	-4.355522833066061e-06	4.4154356146464124e-05
	8.331521712534595e-06	6.059498446120415e-06	-4.219491529511288e-06	-3.103214839939028e-05	2.041583320533391e-05
	-4.634088327293284e-05	6.790854968130589e-05	1.2157156561443117e-05	-1.1046487998100929e-05	1.3912640497437678e-05
	2.2575517505174503e-05	-3.2615341751807136e-06	-1.6210170770136756e-06	-3.7646794226020575e-05	2.617401332827285e-05
	1.7404925529262982e-05	3.3901709684869274e-05	-1.857754796219524e-05	-5.268510903988499e-06	9.199512533086818e-06
	-4.053289376315661e-05	5.0947073759743944e-05	-7.186101811385015e-06	-2.9571478989964817e-06	1.3231741831987165e-05
	-2.6793291908688843e-05	-9.431845683138818e-06	1.0972431482514367e-05	2.5746699975570664e-05	-4.196449663140811e-05
	4.677338438341394e-06	-3.495483042570413e-06	-9.109010716201738e-05	-0.00011636003910098225	-5.019121545046801e-06
	-5.376959961722605e-05	-8.058786079345737e-06	-2.5912888759194175e-06	-0.00013019445759709924	6.0286860389169306e-05
	-5.738505024055485e-06	-0.00018980464665219188	0.0001067250341293402	-1.1419651855248958e-05	-4.403863204061054e-05
	-0.00011191020166734233	-8.50230890137027e-07	1.145673741120845e-05	-1.1218902727705427e-05	5.5164699006127194e-05
	1.681788489804603e-05	-3.5785138607025146e-05	-5.028953182772966e-07	-1.0358347026340198e-05	2.289768963237293e-05
	-9.189056981995236e-07	6.77402422297746e-05	2.7698453777702525e-05	3.103884228039533e-05	-2.2187319700606167e-05
	0.00014539297262672335	1.5162137970037293e-05	-4.568237727653468e-06	3.9250448025995865e-05	-2.1020188796683215e-05
	-6.581606726285827e-07	9.181464520224836e-06	-9.177665924653411e-05	-4.491240906645544e-05	8.701234764885157e-05
	-6.7902742557635065e-06	-7.578682561870664e-05	-2.811377817124594e-05	-3.948584435420344e-06	6.274924817262217e-05
	-4.224975327815628e-06	-3.155258309561759e-05	4.39094437751919e-05	3.442691649979679e-06	8.819765207590535e-05
	7.23010060710294e-08	7.426457955261867e-07	2.5332354198326357e-05	1.0523845048737712e-05	-3.054707849514671e-05
	2.233895611425396e-05	3.506112261675298e-05	-0.00012013516970910132	2.704051075852476e-05	7.259552512550727e-05
	-1.7429656509193592e-05	4.865866230829852e-06	-8.604004688095301e-05	-0.0001724496833048761	0.00014417451166082174
	0.00012813553621526808	8.741305350667972e-07	1.594863715581596e-05	3.4049260193569353e-06	-2.856956962205004e-05
	-1.127306586568011e-05	-9.245297405868769e-06	4.7461039685003925e-06	2.7335281629348174e-06	8.115597665891983e-06
	1.969824188563507e-05	-1.6690161146470928e-06	5.3744923206977546e-05	8.510289262630977e-06	9.505418347544037e-06
	-2.474011853337288e-05	9.154191502602771e-06	0.00010568147263256833	1.0341117558709811e-05	0.00012220141070429236
	0.0002838490763679147	-7.408025703625754e-05	-1.1475237442937214e-05	7.877847565396223e-06	-5.673386840499006e-05
	3.0403614800889045e-05	4.263386290404014e-05	-2.48151791311102e-05	-6.955881872272585e-06	0.00010323348396923393
	0.00014934736827854067	-8.700253965798765e-05	2.3844081624702085e-06	4.456043370737461e-06	-3.300570824649185e-05
	6.799802940804511e-05	6.989308894844726e-05	7.114449090295238e-06	-2.3130280624172883e-06	-8.205695849028416e-06
	-1.6816215065773576e-05	-7.239590195240453e-05	-2.8863819352409337e-06	-6.791103805880994e-05	1.046262877935078e-05
	2.5846968128462322e-05	-9.420981541552464e-07	6.509103059215704e-06	-7.046376595098991e-06	-4.570607779896818e-05
	-2.296470665896777e-05	1.5158810128923506e-05	2.6289915240340633e-06	-1.5555397112620994e-05	-9.65932704275474e-05
	7.635471411049366e-05	3.8802325434517115e-05	-6.703980034217238e-05	3.9167349314084277e-05	3.944810487155337e-06
	9.128838428296149e-06	-3.0494520615320653e-05	-6.816998848080402e-06	-1.303179124079179e-05	1.5119710042199586e-05
	-2.285006303281989e-05	9.113701366914029e-07	1.9588474060583394e-06	7.959858339745551e-05	-9.976495675800834e-06
	4.2735569877550006e-05	4.247955985192675e-06	2.2664456992060877e-05	1.6249687178060412e-05	7.35052299205563e-06
	-9.912411769619212e-06	-2.224776108050719e-05	-1.662255272094626e-05	8.756748002269887e-07	0.00010366139758843929
	-2.3428257918567397e-05	-7.510236173402518e-06	-0.00011441414972068742	1.6849528037710115e-05	-2.76448336080648e-05
	-0.00010311335063306615	-3.6222261314833304e-06	-0.00011654620902845636	-6.0476748330984265e-05	-0.0001348102668998763
	-2.528772529331036e-05	-0.00012622453505173326	-3.024638999704621e-06	1.6548516214243136e-05	-2.7053516532760113e-05
	7.834308490828334e-08	5.810196626043762e-07	2.3461903765564784e-05	-4.294000973459333e-05	4.104207982891239e-05
	-0.00010955057223327458	-2.692602174647618e-05	0.0001189723625429906	-1.8343448573432397e-06	-4.858744068769738e-05
	1.0501346878299955e-05	3.590318556234706e-06	6.036609079274058e-07	-1.5148999636949156e-06	2.4140517780324444e-05
	8.984106898424216e-06	-2.067393324978184e-05	-9.167297321255319e-06	2.333946576982271e-05	5.189276998862624e-05
	-6.989207577134948e-07	5.613438588625286e-06	3.646057302830741e-05	-2.0295863578212447e-05	0.0001863711659098044
	7.277823442564113e-06	8.73925891937688e-05	2.5406716304132715e-05	-1.5124700439628214e-05	-1.643985160626471e-05
	-1.5498856100748526e-06	-9.389034858031664e-06	-1.567339313623961e-05	-2.1928133719484322e-05	1.973106191144325e-05
	1.4913911172698135e-06	7.580723467981443e-05	-2.3614087695023045e-05	-8.847715798765421e-05	-2.1296244085533544e-05
	8.491921471431851e-05	9.598982160241576e-07	6.819084956077859e-05	-2.1657549950759858e-05	-2.1678329176211264e-06
	2.346382461837493e-05	4.425267979968339e-05	0.00014056276995688677	-9.49639652390033e-05	5.644965494866483e-05
	6.245778786251321e-05	0.00019167139544151723	-1.628497216188407e-06	-0.00012753666669595987	5.684722418664023e-05
	7.272555376403034e-05	8.340142812812701e-05	-0.00020830558787565678	-4.84502270410303e-05	9.968539416149724e-06
	7.570744742224633e-07	1.2905607036373112e-05	1.4801424185861833e-05	1.453174354537623e-05	-5.2365568990353495e-05
	-1.2235101166879758e-05	-1.6177940551642678e-06	1.7028114598360844e-06	-3.206071778549813e-05	-4.631318461179035e-06
	2.0917967049172148e-05	-9.231094736605883e-06	-3.0118337235762738e-05	-2.0798741388716735e-05	9.108372978516854e-06
	4.520091897575185e-05	1.3456358828989323e-05	2.0470217350521125e-05	1.5269368304871023e-05	-1.7875867342809215e-05
	-8.200257980206516e-06	1.1128107871627435e-05	4.061689196532825e-06	-4.0384729800280184e-05	-1.4804400052526034e-05
	-5.0614045903785154e-05	-4.7912235459079966e-05	-2.4562135081396264e-07	4.9313672207063064e-05	4.956401971867308e-05
	-0.00016142970707733184	-2.0894651242997497e-05	-6.549575482495129e-05	-9.280204267270165e-07	-2.8827150799770607e-07
	-3.810665657510981e-05	-1.6259877156699076e-05	4.996459756512195e-05	-2.6475049708096776e-06	6.80231096339412e-05
	-3.631999061326496e-05	-0.00012257158232387155	-4.125837733681692e-07	-8.129345951601863e-05	-5.016025170334615e-05
	1.3751852748100646e-05	1.849279760790523e-05	-5.152671292307787e-06	4.207837991998531e-05	-6.726165884174407e-05
	3.802794890361838e-05	8.94351614988409e-06	8.701591468707193e-06	-1.193083244288573e-05	-6.282766116783023e-05
	-2.2287504179985262e-05	3.730908065335825e-05	2.727733772189822e-05	1.1369364074198529e-05	1.3449051039060578e-05
	-1.2124175555072725e-05	-4.944263127981685e-05	-8.665087079862133e-05	-0.00015282485401257873	3.0273089578258805e-05
	-1.388811506330967e-05	-2.3682192477281205e-05	-3.565013685147278e-05	-6.0949550970690325e-06	5.8032022934639826e-05
	3.841315447061788e-06	2.1585970898740925e-05	1.2853095086029498e-06	-5.1734212320297956e-05	-4.9810641939984635e-06
	1.913348569360096e-05	0.0001751963864080608	1.3503654372470919e-05	2.5736875613802113e-05	-8.669334783917293e-05
	-7.689611084060743e-05	1.4944880604161881e-05	8.951536074164324e-06	2.972617221530527e-05	-1.0822996046044864e-05
	-4.01444522140082e-05	-3.8064224554545945e-06	5.347931437427178e-05	6.15020780969644e-06	-7.216188805614365e-06
